0 5250.00 0.00
1 5251.00 1.00
2 5252.00 1.00
3 5253.00 1.00
4 5254.00 1.00
5 5255.00 1.00
6 5256.00 1.00
7 5257.00 1.00
8 5258.00 1.00
9 5259.00 1.00
10 5260.00 1.00
11 5261.00 1.00
12 5262.00 1.00
13 5263.00 1.00
14 5264.00 1.00
15 5265.00 1.00
16 5266.00 1.00
17 5267.00 1.00
18 5268.00 1.00
19 5269.00 1.00
20 5270.00 1.00
21 5271.00 1.00
22 5272.00 1.00
23 5273.00 1.00
24 5274.00 1.00
25 5275.00 1.00
26 5276.00 1.00
27 5277.00 1.00
28 5278.00 1.00
29 5279.00 1.00
30 5280.00 1.00
31 5281.00 1.00
32 5282.00 1.00
33 5283.00 1.00
34 5284.00 1.00
35 5285.00 1.00
36 5286.00 1.00
37 5287.00 1.00
38 5288.00 1.00
39 5289.00 1.00
40 5290.00 1.00
41 5291.00 1.00
42 5292.00 1.00
43 5293.00 1.00
44 5294.00 1.00
45 5295.00 1.00
46 5296.00 1.00
47 5297.00 1.00
48 5298.00 1.00
49 5299.00 1.00
50 5300.00 1.00
51 5301.00 1.00
52 5302.00 1.00
53 5303.00 1.00
54 5304.00 1.00
55 5305.00 1.00
56 5306.00 1.00
57 5307.00 1.00
58 5308.00 1.00
59 5309.00 1.00
60 5310.00 1.00
61 5311.00 1.00
62 5312.00 1.00
63 5313.00 1.00
64 5314.00 1.00
65 5315.00 1.00
66 5316.00 1.00
67 5317.00 1.00
68 5318.00 1.00
69 5319.00 1.00
70 5320.00 1.00
71 5321.00 1.00
72 5322.00 1.00
73 5323.00 1.00
74 5324.00 1.00
75 5325.00 1.00
76 5326.00 1.00
77 5327.00 1.00
78 5328.00 1.00
79 5329.00 1.00
80 5330.00 1.00
81 5331.00 1.00
82 5332.00 1.00
83 5333.00 1.00
84 5334.00 1.00
85 5335.00 1.00
86 5336.00 1.00
87 5337.00 1.00
88 5338.00 1.00
89 5339.00 1.00
90 5340.00 1.00
91 5341.00 1.00
92 5342.00 1.00
93 5343.00 1.00
94 5344.00 1.00
95 5345.00 1.00
96 5346.00 1.00
97 5347.00 1.00
98 5348.00 1.00
99 5349.00 1.00
100 5350.00 1.00
101 5351.00 1.00
102 5352.00 1.00
103 5353.00 1.00
104 5354.00 1.00
105 5355.00 1.00
106 5356.00 1.00
107 5357.00 1.00
108 5358.00 1.00
109 5359.00 1.00
110 5360.00 1.00
111 5361.00 1.00
112 5362.00 1.00
113 5363.00 1.00
114 5364.00 1.00
115 5365.00 1.00
116 5366.00 1.00
117 5367.00 1.00
118 5368.00 1.00
119 5369.00 1.00
120 5370.00 1.00
121 5371.00 1.00
122 5372.00 1.00
123 5373.00 1.00
124 5374.00 1.00
125 5375.00 1.00
126 5376.00 1.00
127 5377.00 1.00
128 5378.00 1.00
129 5379.00 1.00
130 5380.00 1.00
131 5381.00 1.00
132 5382.00 1.00
133 5383.00 1.00
134 5384.00 1.00
135 5385.00 1.00
136 5386.00 1.00
137 5387.00 1.00
138 5388.00 1.00
139 5389.00 1.00
140 5390.00 1.00
141 5391.00 1.00
142 5392.00 1.00
143 5393.00 1.00
144 5394.00 1.00
145 5395.00 1.00
146 5396.00 1.00
147 5397.00 1.00
148 5398.00 1.00
149 5399.00 1.00
150 5400.00 1.00
151 5401.00 1.00
152 5402.00 1.00
153 5403.00 1.00
154 5404.00 1.00
155 5405.00 1.00
156 5406.00 1.00
157 5407.00 1.00
158 5408.00 1.00
159 5409.00 1.00
160 5410.00 1.00
161 5411.00 1.00
162 5412.00 1.00
163 5413.00 1.00
164 5414.00 1.00
165 5415.00 1.00
166 5416.00 1.00
167 5417.00 1.00
168 5418.00 1.00
169 5419.00 1.00
170 5420.00 1.00
171 5421.00 1.00
172 5422.00 1.00
173 5423.00 1.00
174 5424.00 1.00
175 5425.00 1.00
176 5426.00 1.00
177 5427.00 1.00
178 5428.00 1.00
179 5429.00 1.00
180 5430.00 1.00
181 5431.00 1.00
182 5432.00 1.00
183 5433.00 1.00
184 5434.00 1.00
185 5435.00 1.00
186 5436.00 1.00
187 5437.00 1.00
188 5438.00 1.00
189 5439.00 1.00
190 5440.00 1.00
191 5441.00 1.00
192 5442.00 1.00
193 5443.00 1.00
194 5444.00 1.00
195 5445.00 1.00
196 5446.00 1.00
197 5447.00 1.00
198 5448.00 1.00
199 5449.00 1.00
200 5450.00 1.00
201 5451.00 1.00
202 5452.00 1.00
203 5453.00 1.00
204 5454.00 1.00
205 5455.00 1.00
206 5456.00 1.00
207 5457.00 1.00
208 5458.00 1.00
209 5459.00 1.00
210 5460.00 1.00
211 5461.00 1.00
212 5462.00 1.00
213 5463.00 1.00
214 5464.00 1.00
215 5465.00 1.00
216 5466.00 1.00
217 5467.00 1.00
218 5468.00 1.00
219 5469.00 1.00
220 5470.00 1.00
221 5471.00 1.00
222 5472.00 1.00
223 5473.00 1.00
224 5474.00 1.00
225 5475.00 1.00
226 5476.00 1.00
227 5477.00 1.00
228 5478.00 1.00
229 5479.00 1.00
230 5480.00 1.00
231 5481.00 1.00
232 5482.00 1.00
233 5483.00 1.00
234 5484.00 1.00
235 5485.00 1.00
236 5486.00 1.00
237 5487.00 1.00
238 5488.00 1.00
239 5489.00 1.00
240 5490.00 1.00
241 5491.00 1.00
242 5492.00 1.00
243 5493.00 1.00
244 5494.00 1.00
245 5495.00 1.00
246 5496.00 1.00
247 5497.00 1.00
248 5498.00 1.00
249 5499.00 1.00
250 5500.00 1.00
251 5501.00 1.00
252 5502.00 1.00
253 5503.00 1.00
254 5504.00 1.00
255 5505.00 1.00
256 5506.00 1.00
257 5507.00 1.00
258 5508.00 1.00
259 5509.00 1.00
260 5510.00 1.00
261 5511.00 1.00
262 5512.00 1.00
263 5513.00 1.00
264 5514.00 1.00
265 5515.00 1.00
266 5516.00 1.00
267 5517.00 1.00
268 5518.00 1.00
269 5519.00 1.00
270 5520.00 1.00
271 5521.00 1.00
272 5522.00 1.00
273 5523.00 1.00
274 5524.00 1.00
275 5525.00 1.00
276 5526.00 1.00
277 5527.00 1.00
278 5528.00 1.00
279 5529.00 1.00
280 5530.00 1.00
281 5531.00 1.00
282 5532.00 1.00
283 5533.00 1.00
284 5534.00 1.00
285 5535.00 1.00
286 5536.00 1.00
287 5537.00 1.00
288 5538.00 1.00
289 5539.00 1.00
290 5540.00 1.00
291 5541.00 1.00
292 5542.00 1.00
293 5543.00 1.00
294 5544.00 1.00
295 5545.00 1.00
296 5546.00 1.00
297 5547.00 1.00
298 5548.00 1.00
299 5549.00 1.00
300 5550.00 1.00
301 5551.00 1.00
302 5552.00 1.00
303 5553.00 1.00
304 5554.00 1.00
305 5555.00 1.00
306 5556.00 1.00
307 5557.00 1.00
308 5558.00 1.00
309 5559.00 1.00
310 5560.00 1.00
311 5561.00 1.00
312 5562.00 1.00
313 5563.00 1.00
314 5564.00 1.00
315 5565.00 1.00
316 5566.00 1.00
317 5567.00 1.00
318 5568.00 1.00
319 5569.00 1.00
320 5570.00 1.00
321 5571.00 1.00
322 5572.00 1.00
323 5573.00 1.00
324 5574.00 1.00
325 5575.00 1.00
326 5576.00 1.00
327 5577.00 1.00
328 5578.00 1.00
329 5579.00 1.00
330 5580.00 1.00
331 5581.00 1.00
332 5582.00 1.00
333 5583.00 1.00
334 5584.00 1.00
335 5585.00 1.00
336 5586.00 1.00
337 5587.00 1.00
338 5588.00 1.00
339 5589.00 1.00
340 5590.00 1.00
341 5591.00 1.00
342 5592.00 1.00
343 5593.00 1.00
344 5594.00 1.00
345 5595.00 1.00
346 5596.00 1.00
347 5597.00 1.00
348 5598.00 1.00
349 5599.00 1.00
350 5600.00 1.00
351 5601.00 1.00
352 5602.00 1.00
353 5603.00 1.00
354 5604.00 1.00
355 5605.00 1.00
356 5606.00 1.00
357 5607.00 1.00
358 5608.00 1.00
359 5609.00 1.00
360 5610.00 1.00
361 5611.00 1.00
362 5612.00 1.00
363 5613.00 1.00
364 5614.00 1.00
365 5615.00 1.00
366 5616.00 1.00
367 5617.00 1.00
368 5618.00 1.00
369 5619.00 1.00
370 5620.00 1.00
371 5621.00 1.00
372 5622.00 1.00
373 5623.00 1.00
374 5624.00 1.00
375 5625.00 1.00
376 5626.00 1.00
377 5627.00 1.00
378 5628.00 1.00
379 5629.00 1.00
380 5630.00 1.00
381 5631.00 1.00
382 5632.00 1.00
383 5633.00 1.00
384 5634.00 1.00
385 5635.00 1.00
386 5636.00 1.00
387 5637.00 1.00
388 5638.00 1.00
389 5639.00 1.00
390 5640.00 1.00
391 5641.00 1.00
392 5642.00 1.00
393 5643.00 1.00
394 5644.00 1.00
395 5645.00 1.00
396 5646.00 1.00
397 5647.00 1.00
398 5648.00 1.00
399 5649.00 1.00
400 5650.00 1.00
401 5651.00 1.00
402 5652.00 1.00
403 5653.00 1.00
404 5654.00 1.00
405 5655.00 1.00
406 5656.00 1.00
407 5657.00 1.00
408 5658.00 1.00
409 5659.00 1.00
410 5660.00 1.00
411 5661.00 1.00
412 5662.00 1.00
413 5663.00 1.00
414 5664.00 1.00
415 5665.00 1.00
416 5666.00 1.00
417 5667.00 1.00
418 5668.00 1.00
419 5669.00 1.00
420 5670.00 1.00
421 5671.00 1.00
422 5672.00 1.00
423 5673.00 1.00
424 5674.00 1.00
425 5675.00 1.00
426 5676.00 1.00
427 5677.00 1.00
428 5678.00 1.00
429 5679.00 1.00
430 5680.00 1.00
431 5681.00 1.00
432 5682.00 1.00
433 5683.00 1.00
434 5684.00 1.00
435 5685.00 1.00
436 5686.00 1.00
437 5687.00 1.00
438 5688.00 1.00
439 5689.00 1.00
440 5690.00 1.00
441 5691.00 1.00
442 5692.00 1.00
443 5693.00 1.00
444 5694.00 1.00
445 5695.00 1.00
446 5696.00 1.00
447 5697.00 1.00
448 5698.00 1.00
449 5699.00 1.00
450 5700.00 1.00
451 5701.00 1.00
452 5702.00 1.00
453 5703.00 1.00
454 5704.00 1.00
455 5705.00 1.00
456 5706.00 1.00
457 5707.00 1.00
458 5708.00 1.00
459 5709.00 1.00
460 5710.00 1.00
461 5711.00 1.00
462 5712.00 1.00
463 5713.00 1.00
464 5714.00 1.00
465 5715.00 1.00
466 5716.00 1.00
467 5717.00 1.00
468 5718.00 1.00
469 5719.00 1.00
470 5720.00 1.00
471 5721.00 1.00
472 5722.00 1.00
473 5723.00 1.00
474 5724.00 1.00
475 5725.00 1.00
476 5726.00 1.00
477 5727.00 1.00
478 5728.00 1.00
479 5729.00 1.00
480 5730.00 1.00
481 5731.00 1.00
482 5732.00 1.00
483 5733.00 1.00
484 5734.00 1.00
485 5735.00 1.00
486 5736.00 1.00
487 5737.00 1.00
488 5738.00 1.00
489 5739.00 1.00
490 5740.00 1.00
491 5741.00 1.00
492 5742.00 1.00
493 5743.00 1.00
494 5744.00 1.00
495 5745.00 1.00
496 5746.00 1.00
497 5747.00 1.00
498 5748.00 1.00
499 5749.00 1.00
500 5750.00 0.00
