0 7175.00 0.00
1 7176.00 1.00
2 7177.00 1.00
3 7178.00 1.00
4 7179.00 1.00
5 7180.00 1.00
6 7181.00 1.00
7 7182.00 1.00
8 7183.00 1.00
9 7184.00 1.00
10 7185.00 1.00
11 7186.00 1.00
12 7187.00 1.00
13 7188.00 1.00
14 7189.00 1.00
15 7190.00 1.00
16 7191.00 1.00
17 7192.00 1.00
18 7193.00 1.00
19 7194.00 1.00
20 7195.00 1.00
21 7196.00 1.00
22 7197.00 1.00
23 7198.00 1.00
24 7199.00 1.00
25 7200.00 1.00
26 7201.00 1.00
27 7202.00 1.00
28 7203.00 1.00
29 7204.00 1.00
30 7205.00 1.00
31 7206.00 1.00
32 7207.00 1.00
33 7208.00 1.00
34 7209.00 1.00
35 7210.00 1.00
36 7211.00 1.00
37 7212.00 1.00
38 7213.00 1.00
39 7214.00 1.00
40 7215.00 1.00
41 7216.00 1.00
42 7217.00 1.00
43 7218.00 1.00
44 7219.00 1.00
45 7220.00 1.00
46 7221.00 1.00
47 7222.00 1.00
48 7223.00 1.00
49 7224.00 1.00
50 7225.00 0.00
