319
401.30 5852.4879 0
442.75 5875.0200 1
453.70 5881.8952 0
548.58 5934.1700 1
566.35 5944.8342 0
719.33 6029.9969 0
799.13 6074.3377 0
838.48 6096.1631 0
923.23 6143.0626 1
960.37 6163.5939 1
1057.55 6217.2812 0
1146.91 6266.4950 1
1216.54 6304.7889 0
1270.52 6334.4278 1
1359.18 6382.9917 0
1394.38 6402.2480 0
1519.49 6469.7000 1
1525.09 6472.8400 1
1552.77 6487.7600 1
1572.78 6498.7200 1
1585.44 6506.5281 1
1633.91 6532.8822 1
1755.69 6598.9529 1
1887.65 6668.9200 1
1902.56 6678.2762 0
1974.60 6717.0430 0
1996.65 6728.0100 1
2183.24 6827.3200 1
2266.78 6872.1100 1
2286.06 6882.1600 1
2340.60 6910.2200 1
2373.19 6929.4673 1
2464.72 6976.1800 1
2553.09 7024.0504 1
2568.90 7032.4131 0
2738.23 7119.6000 1
2841.47 7173.9381 0
2980.20 7245.1666 0
3062.78 7284.3400 1
3261.22 7386.0000 1
3277.46 7393.7900 1
3463.48 7488.8712 0
3558.06 7535.7741 0
3574.76 7544.0443 0
3662.32 7584.6800 1
3779.41 7642.0200 1
