319
39.27 3600.1685 1
130.60 3650.1530 1
138.17 3654.8360 1
151.57 3663.2790 1
771.63 4046.5630 1
1249.57 4339.2230 1
1263.17 4347.4940 1
1280.90 4358.3280 1
1576.00 4537.7545 1
1852.25 4704.3949 1
1932.28 4752.7320 1
2153.14 4884.9170 1
2355.38 5005.1587 1
2410.31 5037.7512 1
2592.21 5144.9384 1
2910.54 5330.7775 1
2928.34 5341.0938 1
3031.18 5400.5618 1
3136.90 5460.7350 1
3315.44 5562.7662 1
3481.01 5656.6588 1
3515.23 5677.1050 1
3642.52 5748.2985 1
3671.19 5764.4188 1
3742.80 5804.4496 1
3770.96 5820.1558 1
3829.00 5852.4879 1
3881.98 5881.8952 1
