319
398.32 7492.1020 0
471.75 7535.7741 1
484.58 7544.0443 1
1110.90 7943.1814 0
1418.18 8136.4054 1
1680.91 8300.3258 1
1805.33 8377.6080 1
1996.00 8495.3598 1
2152.16 8591.2584 1
2223.13 8634.6470 1
2463.35 8780.6226 0
2584.95 8853.8668 0
2694.39 8919.5506 1
2810.28 8988.5564 1
3081.87 9148.6716 1
3172.91 9201.7591 1
3300.16 9275.5196 0
3344.13 9300.8527 1
3388.78 9326.5068 1
3470.42 9373.3078 1
3562.00 9425.3788 1
3621.79 9459.2095 1
3670.27 9486.6818 1
3754.83 9534.1629 1
3778.45 9547.4049 1
3990.35 9665.4197 1
