319
91.32 7492.1020 0
113.25 7503.8690 1
130.02 7514.6520 1
164.75 7535.7741 1
177.58 7544.0443 1
317.75 7635.1060 1
803.90 7943.1814 0
811.34 7948.1760 1
903.42 8006.1570 1
917.15 8014.7860 1
1058.73 8103.6980 1
1077.31 8115.3110 1
1111.18 8136.4054 1
1316.49 8264.5220 1
1373.91 8300.3258 1
1498.33 8377.6080 1
1548.20 8408.2100 1
1574.61 8424.6480 1
1689.00 8495.3598 1
1732.00 8521.4420 1
1845.16 8591.2584 1
1916.13 8634.6470 1
1971.66 8667.9440 1
2156.35 8780.6226 0
2277.95 8853.8668 0
2387.39 8919.5506 1
2503.28 8988.5564 1
2733.00 9122.9670 1
2774.87 9148.6716 1
2856.07 9194.6380 1
2865.91 9201.7591 0
2907.47 9224.4990 1
2993.16 9275.5196 0
3023.65 9291.5310 1
3037.13 9300.8527 0
3081.78 9326.5068 1
3132.92 9354.2200 1
3163.42 9373.3078 1
3255.00 9425.3788 1
3314.79 9459.2095 1
3363.27 9486.6818 1
3447.83 9534.1629 1
3471.45 9547.4049 1
3673.05 9657.7860 1
3683.35 9665.4197 0
3903.52 9784.5030 1
