319
402.30 5852.4879 1
454.70 5881.8952 1
567.35 5944.8342 1
720.33 6029.9969 1
800.13 6074.3377 1
839.48 6096.1631 1
924.23 6143.0626 1
961.37 6163.5939 1
1058.55 6217.2812 1
1147.91 6266.4950 1
1217.54 6304.7889 1
1271.52 6334.4278 1
1360.18 6382.9917 1
1395.38 6402.2480 1
1422.83 6416.3070 1
1586.44 6506.5281 1
1634.91 6532.8822 1
1756.69 6598.9529 1
1903.56 6678.2762 0
1975.60 6717.0430 0
2044.86 6752.8340 1
2267.26 6871.2890 1
2374.19 6929.4673 1
2445.53 6965.4310 1
2554.09 7024.0504 1
2569.90 7032.4131 1
2794.30 7147.0420 1
2842.47 7173.9381 1
2981.20 7245.1666 1
3039.98 7272.9360 1
3464.48 7488.8712 1
3499.92 7503.8690 1
3521.67 7514.6520 1
3559.06 7535.7741 1
3575.76 7544.0443 1
3766.59 7635.1060 1
