21
48.32 7492.1020 0
121.75 7535.7741 1
134.58 7544.0443 1
760.90 7943.1814 0
1068.18 8136.4054 1
1330.91 8300.3258 1
1455.33 8377.6080 1
1646.00 8495.3598 1
1802.16 8591.2584 1
1873.13 8634.6470 1
2113.35 8780.6226 0
2234.95 8853.8668 0
2344.39 8919.5506 1
2460.28 8988.5564 1
2731.87 9148.6716 1
2822.91 9201.7591 1
2950.16 9275.5196 0
2994.13 9300.8527 1
3038.78 9326.5068 1
3120.42 9373.3078 1
3212.00 9425.3788 1
3271.79 9459.2095 1
3320.27 9486.6818 1
3404.83 9534.1629 1
3428.45 9547.4049 1
3640.35 9665.4197 1
