319
93.11 5677.1050 0
253.74 5769.5980 1
291.30 5790.6630 1
402.30 5852.4879 1
454.70 5881.8952 0
567.35 5944.8342 1
720.33 6029.9969 0
800.13 6074.3377 1
839.48 6096.1631 1
924.23 6143.0626 1
961.37 6163.5939 0
1058.55 6217.2812 0
1147.91 6266.4950 1
1217.54 6304.7889 0
1271.52 6334.4278 1
1360.18 6382.9917 1
1395.38 6402.2480 1
1586.44 6506.5281 1
1634.91 6532.8822 1
1756.69 6598.9529 1
1903.56 6678.2762 1
1975.60 6717.0430 1
2374.19 6929.4673 1
2554.09 7024.0504 0
2569.90 7032.4131 1
2667.62 7081.9000 1
2842.47 7173.9381 0
2981.20 7245.1666 1
3464.48 7488.8712 0
3559.06 7535.7741 0
3575.76 7544.0443 0
