319
390.32 7492.1020 0
463.75 7535.7741 1
476.58 7544.0443 1
1102.90 7943.1814 0
1410.18 8136.4054 1
1672.91 8300.3258 1
1797.33 8377.6080 1
1988.00 8495.3598 1
2144.16 8591.2584 1
2215.13 8634.6470 1
2455.35 8780.6226 0
2576.95 8853.8668 0
2686.39 8919.5506 1
2802.28 8988.5564 1
3073.87 9148.6716 1
3164.91 9201.7591 1
3292.16 9275.5196 0
3336.13 9300.8527 1
3380.78 9326.5068 1
3462.42 9373.3078 1
3554.00 9425.3788 1
3613.79 9459.2095 1
3662.27 9486.6818 1
3746.83 9534.1629 1
3770.45 9547.4049 1
3982.35 9665.4197 1
