319
90.32 7492.1020 0
163.75 7535.7741 1
176.58 7544.0443 1
238.86 7584.6800 1
328.55 7642.0200 1
802.90 7943.1814 0
1110.18 8136.4054 1
1221.90 8206.3400 1
1262.76 8231.6350 1
1318.11 8266.5200 1
1340.48 8280.1170 1
1372.91 8300.3258 1
1497.33 8377.6080 1
1548.58 8409.1910 1
1688.00 8495.3598 1
1844.16 8591.2584 1
1915.13 8634.6470 1
2155.35 8780.6226 0
2220.77 8819.4110 1
2276.95 8853.8668 0
2292.24 8862.3200 1
2369.62 8908.7300 1
2386.39 8919.5506 1
2406.69 8930.8300 1
2442.73 8952.2520 1
2502.28 8988.5564 1
2600.08 9045.4500 1
2773.87 9148.6716 1
2799.86 9162.6500 1
2864.91 9201.7591 1
2992.16 9275.5196 0
3036.13 9300.8527 1
3080.78 9326.5068 1
3162.42 9373.3078 1
3254.00 9425.3788 1
3313.79 9459.2095 1
3362.27 9486.6818 1
3412.80 9513.3800 1
3446.83 9534.1629 1
3470.45 9547.4049 1
3682.35 9665.4197 1
3721.65 9685.3200 1
3781.38 9718.1600 1
3930.27 9799.7000 1
