319
94.32 7492.1020 0
116.25 7503.8690 1
133.02 7514.6520 1
167.75 7535.7741 1
180.58 7544.0443 1
320.75 7635.1060 1
806.90 7943.1814 0
814.34 7948.1760 1
906.42 8006.1570 1
920.15 8014.7860 1
1061.73 8103.6980 1
1080.31 8115.3110 1
1114.18 8136.4054 1
1319.49 8264.5220 1
1376.91 8300.3258 1
1501.33 8377.6080 1
1551.20 8408.2100 1
1577.61 8424.6480 1
1692.00 8495.3598 1
1735.00 8521.4420 1
1848.16 8591.2584 1
1919.13 8634.6470 1
1974.66 8667.9440 1
2159.35 8780.6226 0
2280.95 8853.8668 0
2390.39 8919.5506 1
2506.28 8988.5564 1
2736.00 9122.9670 1
2777.87 9148.6716 1
2859.07 9194.6380 1
2868.91 9201.7591 0
2910.47 9224.4990 1
2996.16 9275.5196 0
3026.65 9291.5310 1
3040.13 9300.8527 0
3084.78 9326.5068 1
3135.92 9354.2200 1
3166.42 9373.3078 1
3258.00 9425.3788 1
3317.79 9459.2095 1
3366.27 9486.6818 1
3450.83 9534.1629 1
3474.45 9547.4049 1
3676.05 9657.7860 1
3686.35 9665.4197 0
3906.52 9784.5030 1
