319
38.27 3605.7620 0
38.27 3600.1685 0
129.60 3650.1530 1
137.17 3654.8360 1
150.57 3663.2790 1
770.63 4046.5630 1
1248.57 4339.2230 1
1262.17 4347.4940 1
1279.90 4358.3280 1
1575.00 4537.7545 0
1851.25 4704.3949 0
1931.28 4752.7320 0
2152.14 4884.9170 0
2354.38 5005.1587 0
2409.31 5037.7512 0
2591.21 5144.9384 0
2909.54 5330.7775 0
2927.34 5341.0938 0
3030.18 5400.5618 0
3135.90 5460.7350 1
3314.44 5562.7662 0
3480.01 5656.6588 0
3514.23 5677.1050 0
3641.52 5748.2985 0
3670.19 5764.4188 0
3682.05 5769.5980 1
3719.67 5790.6630 1
3741.80 5804.4496 0
3769.96 5820.1558 0
3828.00 5852.4879 0
3880.98 5881.8952 0
