319
42.27 3600.1685 1
1551.57 4521.8600 1
1579.00 4537.7545 1
1855.25 4704.3949 0
1900.28 4734.1520 1
1935.28 4752.7320 1
2022.32 4807.0200 1
2060.49 4829.7100 1
2156.14 4884.9170 1
2206.76 4916.5100 1
2217.75 4923.1520 1
2358.38 5005.1587 1
2413.31 5037.7512 1
2595.21 5144.9384 1
2913.54 5330.7775 1
2931.34 5341.0938 1
3034.18 5400.5618 1
3318.44 5562.7662 1
3484.01 5656.6588 1
3645.52 5748.2985 1
3674.19 5764.4188 1
3745.80 5804.4496 1
3773.96 5820.1558 1
3832.00 5852.4879 1
3884.98 5881.8952 1
