21
383.30 5852.4879 1
435.70 5881.8952 1
548.35 5944.8342 1
701.33 6029.9969 1
781.13 6074.3377 1
820.48 6096.1631 1
905.23 6143.0626 1
942.37 6163.5939 1
1039.55 6217.2812 1
1128.91 6266.4950 1
1198.54 6304.7889 1
1252.52 6334.4278 1
1341.18 6382.9917 1
1376.38 6402.2480 1
1567.44 6506.5281 1
1615.91 6532.8822 1
1737.69 6598.9529 1
1884.56 6678.2762 0
1956.60 6717.0430 0
2355.19 6929.4673 1
2535.09 7024.0504 1
2550.90 7032.4131 1
2823.47 7173.9381 1
2962.20 7245.1666 1
3445.48 7488.8712 1
3540.06 7535.7741 1
3556.76 7544.0443 1
