1.194999999999999773e+03 6.185000000000001261e-03
1.204999999999999773e+03 5.614000000000000934e-02
1.214999999999999773e+03 4.901000000000000911e-01
1.224999999999999773e+03 1.184000000000000191e-01
1.234999999999999773e+03 4.769999999999999934e-03
1.244999999999999773e+03 3.433000000000000721e-03
1.254999999999999773e+03 2.882000000000000447e-03
1.264999999999999773e+03 3.523000000000000523e-03
1.274999999999999773e+03 2.127000000000000418e-03
1.284999999999999773e+03 1.727000000000000453e-03
1.294999999999999773e+03 3.994000000000001022e-03
1.304999999999999773e+03 1.206000000000000127e-02
1.314999999999999773e+03 3.983000000000000429e-03
1.324999999999999773e+03 4.126000000000000327e-03
1.334999999999999773e+03 1.680000000000000243e-02
1.344999999999999773e+03 4.572000000000000543e-03
1.354999999999999773e+03 3.802000000000001125e-03
1.364999999999999773e+03 3.094000000000000396e-03
1.374999999999999773e+03 2.920000000000001154e-03
1.384999999999999773e+03 3.968000000000001040e-03
1.394999999999999773e+03 7.562000000000003615e-03
1.404999999999999773e+03 6.075000000000001406e-03
1.414999999999999545e+03 4.207000000000000670e-03
1.424999999999999545e+03 4.683000000000000530e-03
1.434999999999999545e+03 5.110000000000000826e-03
1.444999999999999545e+03 5.093000000000001172e-03
1.454999999999999545e+03 5.535000000000002592e-03
1.464999999999999545e+03 7.087000000000001285e-03
1.474999999999999545e+03 8.485000000000001222e-03
1.484999999999999773e+03 8.199000000000001426e-03
1.494999999999999773e+03 7.956000000000001265e-03
1.504999999999999773e+03 8.697000000000001604e-03
1.514999999999999773e+03 9.266000000000001666e-03
1.524999999999999773e+03 1.163000000000000318e-02
1.534999999999999773e+03 1.299000000000000155e-02
1.544999999999999773e+03 2.059000000000000413e-02
1.554999999999999773e+03 2.144000000000000072e-02
1.564999999999999773e+03 1.847000000000000378e-02
1.574999999999999773e+03 1.717000000000000123e-02
1.584999999999999773e+03 1.675000000000000447e-02
1.594999999999999773e+03 1.754000000000000697e-02
1.604999999999999773e+03 1.934000000000000302e-02
1.614999999999999773e+03 2.228000000000000813e-02
1.624999999999999773e+03 2.519000000000000752e-02
1.634999999999999773e+03 2.841000000000000816e-02
1.644999999999999773e+03 2.972999999999999948e-02
1.654999999999999773e+03 4.302000000000000962e-02
1.664999999999999773e+03 3.989000000000000185e-02
1.674999999999999773e+03 3.875000000000000666e-02
1.684999999999999773e+03 4.556000000000001021e-02
1.694999999999999773e+03 5.877000000000000973e-02
1.704999999999999773e+03 6.616000000000001047e-02
1.714999999999999773e+03 6.880000000000000004e-02
1.724999999999999545e+03 7.252000000000002888e-02
1.734999999999999545e+03 7.645000000000000406e-02
1.744999999999999545e+03 9.067000000000001447e-02
1.754999999999999545e+03 1.079000000000000237e-01
1.764999999999999545e+03 1.220000000000000251e-01
1.774999999999999545e+03 1.403000000000000358e-01
1.784999999999999545e+03 1.538000000000000200e-01
1.794999999999999545e+03 1.576000000000000456e-01
1.804999999999999545e+03 1.831000000000000405e-01
1.814999999999999545e+03 2.232999999999999985e-01
1.824999999999999545e+03 2.243000000000000826e-01
1.834999999999999545e+03 2.244000000000000716e-01
1.844999999999999545e+03 2.066000000000000336e-01
1.854999999999999545e+03 2.311000000000000276e-01
1.864999999999999545e+03 2.700000000000000733e-01
1.874999999999999545e+03 3.009000000000000563e-01
1.884999999999999773e+03 3.291000000000000592e-01
1.894999999999999773e+03 3.569000000000000505e-01
1.904999999999999773e+03 3.764000000000000679e-01
1.914999999999999773e+03 4.165000000000000924e-01
1.924999999999999773e+03 4.113000000000000544e-01
1.934999999999999773e+03 3.808000000000000274e-01
1.944999999999999773e+03 5.210000000000001297e-01
1.954999999999999773e+03 5.427000000000000712e-01
1.964999999999999773e+03 6.008000000000001117e-01
1.974999999999999773e+03 6.191000000000000947e-01
1.984999999999999773e+03 6.187000000000001387e-01
1.994999999999999773e+03 6.664000000000001034e-01
2.004999999999999773e+03 7.326000000000001400e-01
2.014999999999999773e+03 8.023000000000003462e-01
2.024999999999999773e+03 8.261000000000000565e-01
2.034999999999999545e+03 9.217000000000000748e-01
2.044999999999999545e+03 1.025000000000000133e+00
2.054999999999999545e+03 1.054000000000000048e+00
2.064999999999999545e+03 1.108000000000000096e+00
2.074999999999999545e+03 1.265000000000000346e+00
2.084999999999999545e+03 1.505000000000000338e+00
2.094999999999999545e+03 2.138000000000000345e+00
2.104999999999999545e+03 2.792000000000001148e+00
2.114999999999999545e+03 3.353999999999999648e+00
2.124999999999999545e+03 3.130000000000000782e+00
2.134999999999999545e+03 3.315000000000000391e+00
2.144999999999999545e+03 4.003000000000001002e+00
2.154999999999999545e+03 3.615000000000000657e+00
2.164999999999999545e+03 3.227000000000000757e+00
2.174999999999999545e+03 3.529000000000000803e+00
2.184999999999999545e+03 4.437000000000000277e+00
2.194999999999999545e+03 4.692000000000001059e+00
2.204999999999999545e+03 4.733000000000000540e+00
2.214999999999999545e+03 3.958000000000000629e+00
2.224999999999999545e+03 4.965000000000000746e+00
2.234999999999999545e+03 6.301000000000001044e+00
2.244999999999999545e+03 5.897000000000001130e+00
2.254999999999999545e+03 5.229000000000001869e+00
2.264999999999999545e+03 3.939999999999999947e+00
2.274999999999999545e+03 3.992000000000001769e+00
2.284999999999999545e+03 5.195000000000001172e+00
2.294999999999999545e+03 4.771000000000000796e+00
2.304999999999999545e+03 5.212000000000000632e+00
2.314999999999999545e+03 5.097000000000001307e+00
2.324999999999999545e+03 5.326000000000001400e+00
2.334999999999999545e+03 4.474000000000001087e+00
2.344999999999999545e+03 3.897000000000000686e+00
2.354999999999999545e+03 5.142000000000001236e+00
2.364999999999999545e+03 4.858999999999999986e+00
2.374999999999999545e+03 4.844000000000001194e+00
2.384999999999999545e+03 4.196000000000000618e+00
2.394999999999999545e+03 4.412000000000000810e+00
2.404999999999999545e+03 3.956000000000000849e+00
2.414999999999999545e+03 5.148000000000000576e+00
2.424999999999999545e+03 7.059999999999999609e+00
2.434999999999999545e+03 6.653000000000001357e+00
2.444999999999999545e+03 6.097000000000002196e+00
2.454999999999999545e+03 4.939000000000000945e+00
2.464999999999999545e+03 5.040000000000001812e+00
2.474999999999999545e+03 5.550000000000001599e+00
2.484999999999999545e+03 4.565000000000000391e+00
2.494999999999999545e+03 5.638000000000001677e+00
2.504999999999999545e+03 6.010000000000001563e+00
2.514999999999999545e+03 4.601000000000000867e+00
2.524999999999999545e+03 4.155000000000000249e+00
2.534999999999999545e+03 5.155000000000000249e+00
2.544999999999999545e+03 5.957000000000001627e+00
2.554999999999999545e+03 7.930000000000002380e+00
2.564999999999999545e+03 1.018000000000000149e+01
2.574999999999999545e+03 1.254000000000000270e+01
2.584999999999999545e+03 1.251000000000000156e+01
2.594999999999999545e+03 1.040000000000000036e+01
2.604999999999999545e+03 8.851000000000000867e+00
2.614999999999999545e+03 8.980000000000000426e+00
2.624999999999999545e+03 1.036000000000000121e+01
2.634999999999999545e+03 1.658000000000000540e+01
2.644999999999999545e+03 2.497000000000000242e+01
2.654999999999999545e+03 2.526999999999999957e+01
2.664999999999999545e+03 2.494000000000000483e+01
2.674999999999999545e+03 2.508000000000000540e+01
2.684999999999999545e+03 2.438000000000000256e+01
2.694999999999999545e+03 2.389000000000000412e+01
2.704999999999999545e+03 2.673000000000000753e+01
2.714999999999999545e+03 2.244000000000000483e+01
2.724999999999999545e+03 1.974000000000000554e+01
2.734999999999999545e+03 1.965000000000000568e+01
2.744999999999999545e+03 1.326000000000000156e+01
2.754999999999999545e+03 1.750999999999999801e+01
2.764999999999999545e+03 2.428000000000000469e+01
2.774999999999999545e+03 2.338000000000000611e+01
2.784999999999999545e+03 1.593000000000000504e+01
2.794999999999999545e+03 8.555000000000001492e+00
2.804999999999999545e+03 9.463000000000000966e+00
2.814999999999999091e+03 2.083000000000000540e+01
2.824999999999999091e+03 2.941000000000001435e+01
2.834999999999999091e+03 3.135000000000000497e+01
2.844999999999999091e+03 2.353000000000000469e+01
2.854999999999999091e+03 1.631000000000000227e+01
2.864999999999999091e+03 3.227000000000000313e+01
2.874999999999999091e+03 3.363000000000000966e+01
2.884999999999999091e+03 3.222000000000000597e+01
2.894999999999999091e+03 4.727000000000001023e+01
2.904999999999999091e+03 6.013000000000000966e+01
2.914999999999999091e+03 5.808000000000000540e+01
2.924999999999999091e+03 5.219000000000000483e+01
2.934999999999999091e+03 5.355000000000001137e+01
2.944999999999999091e+03 5.088000000000000966e+01
2.954999999999999091e+03 5.532000000000002871e+01
2.964999999999999545e+03 5.096000000000000796e+01
2.974999999999999545e+03 5.073000000000001108e+01
2.984999999999999545e+03 4.655000000000000426e+01
2.994999999999999545e+03 4.840000000000000568e+01
3.004999999999999545e+03 4.200000000000000711e+01
3.014999999999999545e+03 4.555000000000000426e+01
3.024999999999999545e+03 4.890000000000000568e+01
3.034999999999999545e+03 6.206000000000002359e+01
3.044999999999999545e+03 6.025000000000002132e+01
3.054999999999999545e+03 5.948000000000001819e+01
3.064999999999999545e+03 5.557000000000001450e+01
3.074999999999999545e+03 6.150000000000002132e+01
3.084999999999999545e+03 6.114000000000000057e+01
3.094999999999999545e+03 4.965000000000000568e+01
3.104999999999999545e+03 6.224000000000002331e+01
3.114999999999999545e+03 7.292000000000001592e+01
3.124999999999999545e+03 6.559000000000000341e+01
3.134999999999999545e+03 6.999000000000000909e+01
3.144999999999999545e+03 6.629000000000000625e+01
3.154999999999999545e+03 6.330000000000002558e+01
3.164999999999999545e+03 6.332000000000002871e+01
3.174999999999999545e+03 7.739000000000001478e+01
3.184999999999999545e+03 6.649000000000000909e+01
3.194999999999999545e+03 7.105000000000001137e+01
3.204999999999999545e+03 8.051000000000001933e+01
3.214999999999999545e+03 6.995000000000000284e+01
3.224999999999999545e+03 6.886000000000001364e+01
3.234999999999999545e+03 6.613000000000000966e+01
3.244999999999999545e+03 7.608000000000002672e+01
3.254999999999999545e+03 8.758000000000001251e+01
3.264999999999999545e+03 9.795000000000001705e+01
3.274999999999999545e+03 9.527000000000002444e+01
3.284999999999999545e+03 9.176000000000001933e+01
3.294999999999999545e+03 1.061000000000000227e+02
3.304999999999999545e+03 1.016000000000000085e+02
3.314999999999999545e+03 9.657000000000002160e+01
3.324999999999999545e+03 9.549000000000002331e+01
3.334999999999999545e+03 9.216000000000002501e+01
3.344999999999999545e+03 9.589000000000001478e+01
3.354999999999999545e+03 9.434000000000001762e+01
3.364999999999999545e+03 8.095000000000001705e+01
3.374999999999999545e+03 8.418000000000000682e+01
3.384999999999999545e+03 9.215000000000000568e+01
3.394999999999999545e+03 9.581000000000001648e+01
3.404999999999999545e+03 1.007000000000000171e+02
3.414999999999999545e+03 9.238000000000000966e+01
3.424999999999999545e+03 9.930000000000001137e+01
3.434999999999999545e+03 9.506000000000001648e+01
3.444999999999999091e+03 7.957000000000002160e+01
3.454999999999999091e+03 9.392000000000001592e+01
3.464999999999999091e+03 9.264000000000001478e+01
3.474999999999999091e+03 9.017000000000003013e+01
3.484999999999999091e+03 8.972000000000002728e+01
3.494999999999999091e+03 8.898000000000001819e+01
3.504999999999999091e+03 1.050000000000000000e+02
3.514999999999999091e+03 9.795000000000000284e+01
3.524999999999999091e+03 9.079000000000002046e+01
3.534999999999999091e+03 1.033000000000000256e+02
3.544999999999999091e+03 1.111000000000000227e+02
3.554999999999999091e+03 1.045000000000000142e+02
3.564999999999999091e+03 9.123000000000000398e+01
3.574999999999999091e+03 7.960000000000000853e+01
3.584999999999999091e+03 6.936000000000001364e+01
3.594999999999999091e+03 9.911000000000001364e+01
3.604999999999999091e+03 9.707999999999999829e+01
3.614999999999999091e+03 8.781000000000001648e+01
3.624999999999999091e+03 9.978000000000001535e+01
3.634999999999999091e+03 9.969000000000001194e+01
3.644999999999999091e+03 1.013000000000000114e+02
3.654999999999999091e+03 1.152000000000000028e+02
3.664999999999999091e+03 1.233000000000000256e+02
3.674999999999999091e+03 1.180000000000000284e+02
3.684999999999999091e+03 1.101000000000000227e+02
3.694999999999999091e+03 1.225999999999999943e+02
3.704999999999999091e+03 1.139000000000000057e+02
3.714999999999999091e+03 1.175000000000000284e+02
3.724999999999999091e+03 1.054000000000000199e+02
3.734999999999999091e+03 9.202000000000002444e+01
3.744999999999999091e+03 9.004000000000002046e+01
3.754999999999999545e+03 1.062000000000000171e+02
3.764999999999999545e+03 1.085000000000000142e+02
3.774999999999999545e+03 1.282000000000000171e+02
3.784999999999999545e+03 1.327000000000000171e+02
3.794999999999999545e+03 1.066000000000000227e+02
3.804999999999999545e+03 1.202000000000000171e+02
3.814999999999999545e+03 1.082000000000000171e+02
3.824999999999999545e+03 7.913000000000000966e+01
3.834999999999999545e+03 6.841000000000001080e+01
3.844999999999999545e+03 9.597000000000004150e+01
3.854999999999999545e+03 1.008000000000000114e+02
3.864999999999999545e+03 1.007000000000000171e+02
3.874999999999999545e+03 1.004000000000000199e+02
3.884999999999999545e+03 9.843000000000000682e+01
3.894999999999999545e+03 1.174000000000000199e+02
3.904999999999999545e+03 1.247000000000000313e+02
3.914999999999999545e+03 1.342000000000000171e+02
3.924999999999999545e+03 1.019000000000000199e+02
3.934999999999999545e+03 5.823000000000000398e+01
3.944999999999999545e+03 1.026000000000000227e+02
3.954999999999999545e+03 1.314000000000000341e+02
3.964999999999999545e+03 8.545000000000000284e+01
3.974999999999999545e+03 9.288000000000000966e+01
3.984999999999999545e+03 1.522000000000000171e+02
3.994999999999999545e+03 1.663000000000000398e+02
4.004999999999999545e+03 1.682000000000000171e+02
4.014999999999999545e+03 1.746000000000000512e+02
4.024999999999999545e+03 1.759000000000000625e+02
4.034999999999999545e+03 1.684000000000000341e+02
4.044999999999999545e+03 1.674000000000000341e+02
4.054999999999999545e+03 1.667000000000000171e+02
4.064999999999999091e+03 1.589000000000000341e+02
4.074999999999999091e+03 1.628000000000000398e+02
4.084999999999999091e+03 1.735000000000000568e+02
4.094999999999999091e+03 1.715000000000000284e+02
4.104999999999999091e+03 1.532000000000000171e+02
4.114999999999999091e+03 1.817000000000000455e+02
4.124999999999999091e+03 1.789000000000000341e+02
4.134999999999999091e+03 1.756000000000000227e+02
4.144999999999999091e+03 1.737000000000000171e+02
4.154999999999999091e+03 1.734000000000000625e+02
4.164999999999999091e+03 1.842000000000000455e+02
4.174999999999999091e+03 1.665000000000000284e+02
4.184999999999999091e+03 1.684000000000000341e+02
4.194999999999999091e+03 1.701000000000000227e+02
4.204999999999999091e+03 1.757000000000000171e+02
4.214999999999999091e+03 1.797000000000000171e+02
4.224999999999999091e+03 1.582000000000000171e+02
4.234999999999999091e+03 1.711000000000000227e+02
4.244999999999999091e+03 1.767000000000000455e+02
4.254999999999999091e+03 1.695000000000000568e+02
4.264999999999999091e+03 1.698000000000000398e+02
4.274999999999999091e+03 1.569000000000000341e+02
4.284999999999999091e+03 1.587000000000000171e+02
4.294999999999999091e+03 1.475000000000000284e+02
4.304999999999999091e+03 1.135000000000000284e+02
4.314999999999999091e+03 1.686000000000000227e+02
4.324999999999999091e+03 1.646000000000000512e+02
4.334999999999999091e+03 1.731000000000000227e+02
4.344999999999999091e+03 1.670000000000000284e+02
4.354999999999999091e+03 1.723000000000000114e+02
4.364999999999999091e+03 1.929000000000000341e+02
4.374999999999999091e+03 1.806000000000000512e+02
4.384999999999999091e+03 1.567000000000000171e+02
4.394999999999999091e+03 1.825000000000000284e+02
4.404999999999999091e+03 1.713000000000000682e+02
4.414999999999999091e+03 1.931000000000000227e+02
4.424999999999999091e+03 1.980000000000000284e+02
4.434999999999999091e+03 1.909000000000000341e+02
4.444999999999999091e+03 1.973000000000000398e+02
4.454999999999999091e+03 1.821000000000000227e+02
4.464999999999999091e+03 1.891000000000000512e+02
4.474999999999999091e+03 2.077000000000000739e+02
4.484999999999999091e+03 1.973000000000000398e+02
4.494999999999999091e+03 2.027000000000000739e+02
4.504999999999999091e+03 2.144000000000000341e+02
4.514999999999999091e+03 2.109000000000000341e+02
4.524999999999999091e+03 1.941000000000000227e+02
4.534999999999999091e+03 1.970000000000000284e+02
4.544999999999999091e+03 1.979000000000000625e+02
4.554999999999999091e+03 2.034000000000000341e+02
4.564999999999999091e+03 2.077000000000000455e+02
4.574999999999999091e+03 2.100000000000000284e+02
4.584999999999999091e+03 1.971000000000000227e+02
4.594999999999999091e+03 2.009000000000000341e+02
4.604999999999999091e+03 2.040000000000000284e+02
4.614999999999999091e+03 2.055000000000000284e+02
4.624999999999999091e+03 2.104000000000000057e+02
4.634999999999999091e+03 2.040000000000000284e+02
4.644999999999999091e+03 1.976000000000000227e+02
4.654999999999999091e+03 2.042000000000000455e+02
4.664999999999999091e+03 1.921000000000000227e+02
4.674999999999999091e+03 2.015000000000000284e+02
4.684999999999999091e+03 1.994000000000000341e+02
4.694999999999999091e+03 1.990000000000000568e+02
4.704999999999999091e+03 1.877000000000000455e+02
4.714999999999999091e+03 2.018000000000000398e+02
4.724999999999999091e+03 2.041000000000000512e+02
4.734999999999999091e+03 1.991000000000000227e+02
4.744999999999999091e+03 2.051000000000000512e+02
4.754999999999999091e+03 2.016000000000000512e+02
4.764999999999999091e+03 1.956000000000000227e+02
4.774999999999999091e+03 2.075000000000000284e+02
4.784999999999999091e+03 2.009000000000000341e+02
4.794999999999999091e+03 2.076000000000000512e+02
4.804999999999999091e+03 2.035000000000000284e+02
4.814999999999999091e+03 2.090000000000000284e+02
4.824999999999999091e+03 2.023000000000000398e+02
4.834999999999999091e+03 2.019000000000000341e+02
4.844999999999999091e+03 1.969000000000000341e+02
4.854999999999999091e+03 1.830000000000000568e+02
4.864999999999999091e+03 1.625000000000000284e+02
4.874999999999999091e+03 1.830000000000000568e+02
4.884999999999999091e+03 1.914000000000000625e+02
4.894999999999999091e+03 1.960000000000000568e+02
4.904999999999999091e+03 2.007000000000000171e+02
4.914999999999999091e+03 1.896000000000000227e+02
4.924999999999999091e+03 1.896000000000000227e+02
4.934999999999999091e+03 1.888000000000000398e+02
4.944999999999999091e+03 2.058000000000000398e+02
4.954999999999999091e+03 1.926000000000000227e+02
4.964999999999999091e+03 2.017000000000000455e+02
4.974999999999999091e+03 2.018000000000000398e+02
4.984999999999999091e+03 1.866000000000000512e+02
4.994999999999999091e+03 1.970000000000000284e+02
5.004999999999998181e+03 1.857000000000000739e+02
5.014999999999998181e+03 1.812000000000000455e+02
5.024999999999998181e+03 1.894000000000000341e+02
5.034999999999998181e+03 1.934000000000000341e+02
5.044999999999998181e+03 1.869000000000000341e+02
5.054999999999998181e+03 1.993000000000000398e+02
5.064999999999998181e+03 1.961000000000000227e+02
5.074999999999998181e+03 1.906000000000000512e+02
5.084999999999998181e+03 1.919000000000000341e+02
5.094999999999998181e+03 1.916000000000000512e+02
5.104999999999998181e+03 1.947000000000000739e+02
5.114999999999998181e+03 1.997000000000000455e+02
5.124999999999998181e+03 1.867000000000000739e+02
5.134999999999998181e+03 1.861000000000000227e+02
5.144999999999999091e+03 1.874000000000000625e+02
5.154999999999999091e+03 1.900000000000000568e+02
5.164999999999999091e+03 1.669000000000000341e+02
5.174999999999999091e+03 1.726000000000000227e+02
5.184999999999999091e+03 1.654000000000000341e+02
5.194999999999999091e+03 1.828000000000000682e+02
5.204999999999999091e+03 1.831000000000000227e+02
5.214999999999999091e+03 1.906000000000000512e+02
5.224999999999999091e+03 1.823000000000000398e+02
5.234999999999999091e+03 1.894000000000000057e+02
5.244999999999999091e+03 1.958000000000000398e+02
5.254999999999999091e+03 1.930000000000000284e+02
5.264999999999999091e+03 1.674000000000000625e+02
5.274999999999999091e+03 1.828000000000000398e+02
5.284999999999999091e+03 1.897000000000000455e+02
5.294999999999999091e+03 1.918000000000000398e+02
5.304999999999999091e+03 1.952000000000000455e+02
5.314999999999999091e+03 1.963000000000000398e+02
5.324999999999999091e+03 1.770000000000000284e+02
5.334999999999999091e+03 1.923000000000000398e+02
5.344999999999999091e+03 1.858000000000000398e+02
5.354999999999999091e+03 1.990000000000000284e+02
5.364999999999999091e+03 1.871000000000000227e+02
5.374999999999999091e+03 1.882000000000000739e+02
5.384999999999999091e+03 1.904000000000000341e+02
5.394999999999999091e+03 1.832000000000000455e+02
5.404999999999999091e+03 1.760000000000000568e+02
5.414999999999999091e+03 1.881000000000000227e+02
5.424999999999999091e+03 1.825000000000000284e+02
5.434999999999999091e+03 1.879000000000000625e+02
5.444999999999999091e+03 1.879000000000000341e+02
5.454999999999999091e+03 1.901000000000000227e+02
5.464999999999999091e+03 1.879000000000000625e+02
5.474999999999999091e+03 1.833000000000000398e+02
5.484999999999999091e+03 1.863000000000000398e+02
5.494999999999999091e+03 1.895000000000000284e+02
5.504999999999999091e+03 1.862000000000000739e+02
5.514999999999999091e+03 1.871000000000000227e+02
5.524999999999999091e+03 1.846000000000000227e+02
5.534999999999999091e+03 1.882000000000000739e+02
5.544999999999999091e+03 1.898000000000000398e+02
5.554999999999999091e+03 1.897000000000000171e+02
5.564999999999999091e+03 1.821000000000000227e+02
5.574999999999999091e+03 1.846000000000000227e+02
5.584999999999999091e+03 1.787000000000000171e+02
5.594999999999999091e+03 1.808000000000000398e+02
5.604999999999999091e+03 1.843000000000000398e+02
5.614999999999999091e+03 1.824000000000000341e+02
5.624999999999999091e+03 1.850000000000000284e+02
5.634999999999999091e+03 1.861000000000000227e+02
5.644999999999999091e+03 1.854000000000000341e+02
5.654999999999999091e+03 1.798000000000000398e+02
5.664999999999999091e+03 1.829000000000000625e+02
5.674999999999999091e+03 1.887000000000000171e+02
5.684999999999999091e+03 1.810000000000000568e+02
5.694999999999999091e+03 1.860000000000000284e+02
5.704999999999999091e+03 1.769000000000000625e+02
5.714999999999999091e+03 1.823000000000000398e+02
5.724999999999999091e+03 1.892000000000000171e+02
5.734999999999999091e+03 1.876000000000000227e+02
5.744999999999999091e+03 1.867000000000000171e+02
5.754999999999999091e+03 1.830000000000000284e+02
5.764999999999999091e+03 1.846000000000000227e+02
5.774999999999999091e+03 1.857000000000000171e+02
5.784999999999999091e+03 1.783000000000000398e+02
5.794999999999999091e+03 1.828000000000000398e+02
5.804999999999999091e+03 1.838000000000000398e+02
5.814999999999999091e+03 1.853000000000000398e+02
5.824999999999999091e+03 1.873000000000000398e+02
5.834999999999999091e+03 1.857000000000000171e+02
5.844999999999999091e+03 1.860000000000000284e+02
5.854999999999999091e+03 1.783000000000000398e+02
5.864999999999999091e+03 1.830000000000000284e+02
5.874999999999999091e+03 1.848000000000000398e+02
5.884999999999999091e+03 1.750000000000000284e+02
5.894999999999999091e+03 1.612000000000000171e+02
5.904999999999999091e+03 1.813000000000000398e+02
5.914999999999999091e+03 1.787000000000000171e+02
5.924999999999999091e+03 1.808000000000000398e+02
5.934999999999999091e+03 1.796000000000000227e+02
5.944999999999999091e+03 1.773000000000000398e+02
5.954999999999999091e+03 1.782000000000000171e+02
5.964999999999999091e+03 1.805000000000000284e+02
5.974999999999999091e+03 1.780000000000000284e+02
5.984999999999999091e+03 1.757000000000000171e+02
5.994999999999999091e+03 1.774000000000000341e+02
6.004999999999999091e+03 1.746000000000000227e+02
6.014999999999999091e+03 1.751000000000000227e+02
6.024999999999999091e+03 1.719000000000000341e+02
6.034999999999999091e+03 1.787000000000000171e+02
6.044999999999999091e+03 1.776000000000000227e+02
6.054999999999999091e+03 1.763000000000000398e+02
6.064999999999999091e+03 1.759000000000000341e+02
6.074999999999999091e+03 1.757000000000000171e+02
6.084999999999999091e+03 1.743000000000000398e+02
6.094999999999999091e+03 1.744000000000000341e+02
6.104999999999999091e+03 1.703000000000000398e+02
6.114999999999999091e+03 1.746000000000000227e+02
6.124999999999999091e+03 1.705000000000000568e+02
6.134999999999999091e+03 1.683000000000000398e+02
6.144999999999999091e+03 1.713000000000000114e+02
6.154999999999999091e+03 1.713000000000000114e+02
6.164999999999999091e+03 1.609000000000000341e+02
6.174999999999999091e+03 1.707000000000000171e+02
6.184999999999999091e+03 1.724000000000000341e+02
6.194999999999999091e+03 1.707000000000000171e+02
6.204999999999999091e+03 1.734000000000000341e+02
6.214999999999999091e+03 1.690000000000000284e+02
6.224999999999999091e+03 1.713000000000000114e+02
6.234999999999999091e+03 1.666000000000000227e+02
6.244999999999999091e+03 1.656000000000000227e+02
6.254999999999998181e+03 1.632000000000000171e+02
6.264999999999998181e+03 1.697000000000000171e+02
6.274999999999998181e+03 1.697000000000000171e+02
6.284999999999998181e+03 1.697000000000000171e+02
6.294999999999998181e+03 1.677000000000000171e+02
6.309999999999999091e+03 1.639000000000000625e+02
6.329999999999999091e+03 1.651000000000000227e+02
6.349999999999999091e+03 1.656000000000000227e+02
6.369999999999999091e+03 1.654000000000000341e+02
6.389999999999999091e+03 1.651000000000000227e+02
6.409999999999999091e+03 1.614000000000000341e+02
6.429999999999999091e+03 1.621000000000000227e+02
6.449999999999999091e+03 1.627000000000000171e+02
6.469999999999999091e+03 1.603000000000000682e+02
6.489999999999999091e+03 1.558000000000000398e+02
6.509999999999999091e+03 1.606000000000000227e+02
6.529999999999999091e+03 1.599000000000000341e+02
6.549999999999999091e+03 1.532000000000000171e+02
6.569999999999999091e+03 1.384000000000000341e+02
6.589999999999999091e+03 1.549000000000000341e+02
6.609999999999999091e+03 1.570999999999999943e+02
6.629999999999999091e+03 1.555000000000000284e+02
6.649999999999999091e+03 1.560000000000000284e+02
6.669999999999999091e+03 1.535000000000000284e+02
6.689999999999999091e+03 1.546000000000000227e+02
6.709999999999999091e+03 1.516000000000000227e+02
6.729999999999999091e+03 1.521000000000000227e+02
6.749999999999999091e+03 1.510000000000000000e+02
6.769999999999999091e+03 1.508000000000000682e+02
6.789999999999999091e+03 1.498000000000000398e+02
6.809999999999999091e+03 1.492000000000000171e+02
6.829999999999999091e+03 1.479000000000000341e+02
6.849999999999999091e+03 1.455000000000000284e+02
6.869999999999999091e+03 1.467000000000000455e+02
6.889999999999998181e+03 1.461000000000000227e+02
6.909999999999998181e+03 1.448000000000000398e+02
6.929999999999998181e+03 1.448000000000000398e+02
6.949999999999998181e+03 1.436000000000000227e+02
6.969999999999998181e+03 1.416000000000000227e+02
6.989999999999998181e+03 1.425000000000000284e+02
7.009999999999998181e+03 1.386000000000000227e+02
7.029999999999998181e+03 1.388000000000000114e+02
7.049999999999998181e+03 1.415000000000000284e+02
7.069999999999998181e+03 1.400000000000000284e+02
7.089999999999998181e+03 1.384000000000000341e+02
7.109999999999998181e+03 1.385000000000000284e+02
7.129999999999998181e+03 1.373000000000000114e+02
7.149999999999998181e+03 1.366000000000000227e+02
7.169999999999998181e+03 1.354000000000000341e+02
7.189999999999998181e+03 1.328000000000000114e+02
7.209999999999998181e+03 1.331000000000000227e+02
7.229999999999998181e+03 1.348000000000000114e+02
7.249999999999998181e+03 1.350000000000000284e+02
7.269999999999998181e+03 1.346000000000000227e+02
7.289999999999998181e+03 1.319000000000000057e+02
7.309999999999998181e+03 1.326000000000000227e+02
7.329999999999998181e+03 1.318000000000000114e+02
7.349999999999998181e+03 1.309000000000000341e+02
7.369999999999998181e+03 1.307000000000000171e+02
7.389999999999998181e+03 1.278000000000000540e+02
7.409999999999998181e+03 1.258000000000000256e+02
7.429999999999998181e+03 1.286000000000000227e+02
7.449999999999998181e+03 1.279000000000000199e+02
7.469999999999998181e+03 1.283000000000000114e+02
7.489999999999998181e+03 1.270000000000000284e+02
7.509999999999999091e+03 1.262000000000000313e+02
7.529999999999999091e+03 1.259000000000000057e+02
7.549999999999999091e+03 1.255000000000000284e+02
7.569999999999999091e+03 1.248000000000000256e+02
7.589999999999999091e+03 1.240000000000000284e+02
7.609999999999999091e+03 1.237000000000000171e+02
7.629999999999999091e+03 1.241000000000000512e+02
7.649999999999999091e+03 1.221000000000000227e+02
7.669999999999999091e+03 1.185000000000000000e+02
7.689999999999999091e+03 1.203000000000000256e+02
7.709999999999999091e+03 1.204000000000000199e+02
7.729999999999999091e+03 1.208000000000000256e+02
7.749999999999999091e+03 1.188000000000000398e+02
7.769999999999999091e+03 1.196000000000000227e+02
7.789999999999999091e+03 1.187000000000000171e+02
7.809999999999999091e+03 1.187000000000000171e+02
7.829999999999999091e+03 1.176000000000000512e+02
7.849999999999999091e+03 1.180000000000000284e+02
7.869999999999999091e+03 1.177000000000000028e+02
7.889999999999999091e+03 1.174000000000000483e+02
7.909999999999999091e+03 1.158000000000000398e+02
7.929999999999999091e+03 1.143000000000000256e+02
7.949999999999999091e+03 1.134000000000000199e+02
7.969999999999999091e+03 1.152000000000000171e+02
7.989999999999999091e+03 1.135000000000000000e+02
8.009999999999999091e+03 1.142000000000000171e+02
8.029999999999999091e+03 1.129000000000000057e+02
8.049999999999999091e+03 1.115000000000000284e+02
8.069999999999999091e+03 1.120000000000000284e+02
8.089999999999999091e+03 1.095000000000000142e+02
8.109999999999999091e+03 1.114000000000000199e+02
8.129999999999998181e+03 1.115000000000000000e+02
8.149999999999998181e+03 1.107000000000000171e+02
8.169999999999998181e+03 1.104000000000000199e+02
8.189999999999998181e+03 1.063000000000000256e+02
8.209999999999998181e+03 1.080000000000000142e+02
8.229999999999998181e+03 1.073000000000000256e+02
8.249999999999998181e+03 1.075000000000000142e+02
8.259999999999998181e+03 1.080000000000000000e+02
8.279999999999998181e+03 1.081000000000000227e+02
8.299999999999998181e+03 1.063000000000000256e+02
8.319999999999998181e+03 1.051000000000000227e+02
8.339999999999998181e+03 1.041000000000000227e+02
8.359999999999998181e+03 1.052000000000000171e+02
8.379999999999998181e+03 1.044000000000000199e+02
8.399999999999998181e+03 1.040000000000000142e+02
8.419999999999998181e+03 1.036000000000000227e+02
8.439999999999998181e+03 1.024000000000000057e+02
8.459999999999998181e+03 1.027999999999999972e+02
8.479999999999998181e+03 1.022999999999999972e+02
8.499999999999998181e+03 9.660000000000002274e+01
8.519999999999998181e+03 9.961000000000001364e+01
8.539999999999998181e+03 8.780000000000002558e+01
8.559999999999998181e+03 9.755000000000002558e+01
8.579999999999998181e+03 1.005000000000000142e+02
8.599999999999998181e+03 9.968999999999999773e+01
8.619999999999998181e+03 9.949000000000000909e+01
8.639999999999998181e+03 9.993000000000000682e+01
8.659999999999998181e+03 8.862000000000001876e+01
8.679999999999998181e+03 9.395000000000001705e+01
8.699999999999998181e+03 9.747000000000002728e+01
8.719999999999998181e+03 9.833000000000001251e+01
8.739999999999998181e+03 9.713000000000000966e+01
8.759999999999998181e+03 9.640000000000003411e+01
8.779999999999998181e+03 9.748999999999999488e+01
8.799999999999998181e+03 9.554000000000003467e+01
8.819999999999998181e+03 9.511000000000002785e+01
8.839999999999998181e+03 9.579000000000003467e+01
8.859999999999998181e+03 9.383000000000001251e+01
8.879999999999998181e+03 9.443000000000000682e+01
8.899999999999998181e+03 9.530000000000002558e+01
8.919999999999998181e+03 9.394000000000001194e+01
8.939999999999998181e+03 9.332000000000002160e+01
8.959999999999998181e+03 9.387000000000001876e+01
8.979999999999998181e+03 9.339000000000002899e+01
8.999999999999998181e+03 9.158000000000001251e+01
9.019999999999998181e+03 8.916000000000002501e+01
9.039999999999998181e+03 9.285000000000002274e+01
9.059999999999998181e+03 9.176000000000003354e+01
9.079999999999998181e+03 9.025000000000002842e+01
9.099999999999998181e+03 8.916000000000002501e+01
9.119999999999998181e+03 8.967000000000003013e+01
9.139999999999998181e+03 9.071000000000002217e+01
9.159999999999998181e+03 9.004000000000002046e+01
9.179999999999998181e+03 8.951000000000000512e+01
9.199999999999998181e+03 8.908000000000002672e+01
9.219999999999998181e+03 8.630000000000001137e+01
9.239999999999998181e+03 8.585000000000000853e+01
9.259999999999998181e+03 8.612000000000001876e+01
9.279999999999998181e+03 8.769000000000001194e+01
9.299999999999998181e+03 8.677000000000002444e+01
9.319999999999998181e+03 8.651000000000001933e+01
9.339999999999998181e+03 8.641000000000001080e+01
9.359999999999998181e+03 8.547000000000001307e+01
9.379999999999998181e+03 8.579999999999999716e+01
9.399999999999998181e+03 8.438000000000000966e+01
9.419999999999998181e+03 8.250000000000001421e+01
9.439999999999998181e+03 8.324000000000000909e+01
9.459999999999998181e+03 8.375000000000001421e+01
9.479999999999998181e+03 8.407000000000002160e+01
9.499999999999998181e+03 8.369000000000001194e+01
9.519999999999998181e+03 8.317000000000001592e+01
9.539999999999998181e+03 8.079999999999999716e+01
9.559999999999998181e+03 8.082000000000002160e+01
9.579999999999998181e+03 8.188000000000000966e+01
9.599999999999998181e+03 8.151000000000001933e+01
9.619999999999998181e+03 8.089000000000001478e+01
9.639999999999998181e+03 8.012999999999999545e+01
9.659999999999998181e+03 7.947000000000001307e+01
9.679999999999998181e+03 7.969000000000001194e+01
9.699999999999998181e+03 7.959000000000001762e+01
9.719999999999998181e+03 7.936000000000001364e+01
9.739999999999998181e+03 7.815000000000000568e+01
9.759999999999998181e+03 7.825000000000001421e+01
9.779999999999998181e+03 7.779000000000000625e+01
9.799999999999998181e+03 7.746000000000002217e+01
9.819999999999998181e+03 7.764000000000001478e+01
9.839999999999998181e+03 7.698000000000000398e+01
9.859999999999998181e+03 7.661000000000001364e+01
9.879999999999998181e+03 7.615000000000001990e+01
9.899999999999998181e+03 7.541000000000001080e+01
9.919999999999998181e+03 7.567000000000001592e+01
9.939999999999998181e+03 7.556000000000001648e+01
9.959999999999998181e+03 7.525000000000001421e+01
9.979999999999998181e+03 7.510000000000002274e+01
9.999999999999998181e+03 7.479000000000000625e+01
1.001999999999999818e+04 7.469000000000001194e+01
1.003999999999999818e+04 7.261000000000001364e+01
1.005999999999999818e+04 7.136000000000001364e+01
1.007999999999999818e+04 7.335000000000000853e+01
1.009999999999999818e+04 7.312999999999999545e+01
1.011999999999999818e+04 7.262000000000001876e+01
1.013999999999999818e+04 7.210000000000000853e+01
1.015999999999999818e+04 7.139000000000001478e+01
1.017999999999999818e+04 7.107000000000002160e+01
1.019999999999999818e+04 7.041000000000001080e+01
1.021999999999999818e+04 7.021000000000000796e+01
1.023999999999999818e+04 7.054000000000000625e+01
1.025999999999999818e+04 7.027000000000001023e+01
1.027999999999999818e+04 6.989000000000001478e+01
1.029999999999999818e+04 6.937000000000001876e+01
1.031999999999999818e+04 6.905000000000001137e+01
1.033999999999999818e+04 6.817000000000001592e+01
1.035999999999999818e+04 6.840000000000000568e+01
1.037999999999999818e+04 6.772000000000002728e+01
1.039999999999999818e+04 6.761000000000001364e+01
1.041999999999999818e+04 6.746000000000000796e+01
1.043999999999999818e+04 6.714000000000001478e+01
1.045999999999999818e+04 6.600000000000001421e+01
1.047999999999999818e+04 6.644000000000001194e+01
1.049999999999999818e+04 6.622000000000001307e+01
1.051999999999999818e+04 6.586000000000001364e+01
1.053999999999999818e+04 6.549000000000000909e+01
1.055999999999999818e+04 6.557000000000002160e+01
1.057999999999999818e+04 6.451000000000001933e+01
1.059999999999999818e+04 6.415000000000000568e+01
1.061999999999999818e+04 6.438000000000000966e+01
1.063999999999999818e+04 6.459000000000000341e+01
1.065999999999999818e+04 6.395000000000000995e+01
1.067999999999999818e+04 6.317000000000003013e+01
1.069999999999999818e+04 6.241000000000001791e+01
1.071999999999999818e+04 6.326000000000002643e+01
1.073999999999999818e+04 6.276000000000001222e+01
1.075999999999999818e+04 6.280000000000001137e+01
1.077999999999999818e+04 6.272000000000000597e+01
1.079999999999999818e+04 6.247000000000002018e+01
1.081999999999999818e+04 6.098999999999999488e+01
1.083999999999999818e+04 6.180000000000001137e+01
1.085999999999999818e+04 6.208000000000000540e+01
1.087999999999999818e+04 6.103000000000001535e+01
1.089999999999999818e+04 6.199000000000000909e+01
1.091999999999999818e+04 6.159000000000001762e+01
1.093999999999999818e+04 5.849000000000000909e+01
1.095999999999999818e+04 5.983000000000000540e+01
1.097999999999999818e+04 5.961000000000001364e+01
1.099999999999999818e+04 6.042000000000003013e+01
1.101999999999999818e+04 5.932000000000001450e+01
1.103999999999999818e+04 5.974000000000000909e+01
1.105999999999999818e+04 5.945000000000000995e+01
1.107999999999999818e+04 5.916000000000001080e+01
1.109999999999999818e+04 5.906000000000001648e+01
1.111999999999999818e+04 5.843000000000000682e+01
1.113999999999999818e+04 5.844000000000001194e+01
1.115999999999999818e+04 5.831000000000001648e+01
1.117999999999999818e+04 5.815000000000001279e+01
1.119999999999999818e+04 5.741000000000001080e+01
1.121999999999999818e+04 5.796000000000001506e+01
1.123999999999999818e+04 5.769000000000001194e+01
1.125999999999999636e+04 5.655000000000001137e+01
1.127999999999999636e+04 5.700000000000001421e+01
1.129999999999999636e+04 5.653000000000000824e+01
1.131999999999999636e+04 5.678000000000000824e+01
1.133999999999999636e+04 5.638000000000000966e+01
1.135999999999999636e+04 5.657999999999999829e+01
1.137999999999999636e+04 5.569000000000001194e+01
1.139999999999999636e+04 5.530000000000001137e+01
1.141999999999999636e+04 5.531000000000001648e+01
1.143999999999999636e+04 5.514000000000000767e+01
1.145999999999999636e+04 5.548000000000000398e+01
1.147999999999999636e+04 5.525000000000001421e+01
1.149999999999999636e+04 5.489000000000000767e+01
1.151999999999999636e+04 5.458000000000000540e+01
1.153999999999999636e+04 5.479000000000000625e+01
1.155999999999999636e+04 5.455000000000001137e+01
1.157999999999999636e+04 5.435000000000000853e+01
1.159999999999999636e+04 5.320000000000000995e+01
1.161999999999999636e+04 5.325000000000000711e+01
1.163999999999999636e+04 5.332000000000000028e+01
1.165999999999999636e+04 5.303000000000000824e+01
1.167999999999999636e+04 5.312000000000001165e+01
1.169999999999999636e+04 5.276000000000002643e+01
1.171999999999999636e+04 5.315000000000001990e+01
1.173999999999999636e+04 5.273000000000000398e+01
1.175999999999999636e+04 5.184000000000001052e+01
1.177999999999999636e+04 5.190000000000001279e+01
1.179999999999999636e+04 5.239000000000000767e+01
1.181999999999999636e+04 5.159000000000001052e+01
1.183999999999999636e+04 5.103000000000000824e+01
1.185999999999999818e+04 5.187000000000001165e+01
1.187999999999999818e+04 5.075000000000000711e+01
1.189999999999999818e+04 5.085000000000000853e+01
1.191999999999999818e+04 5.161000000000001364e+01
1.193999999999999818e+04 5.145000000000000995e+01
1.195999999999999818e+04 5.084000000000000341e+01
1.197999999999999818e+04 4.943000000000000682e+01
1.199999999999999818e+04 5.003000000000000824e+01
1.201999999999999818e+04 5.068000000000000682e+01
1.203999999999999818e+04 4.948000000000001108e+01
1.205999999999999818e+04 5.039000000000000767e+01
1.207999999999999818e+04 4.890000000000000568e+01
1.209999999999999818e+04 4.882000000000000739e+01
1.211999999999999818e+04 4.933000000000001251e+01
1.213999999999999818e+04 4.942000000000000881e+01
1.215999999999999818e+04 4.930000000000000426e+01
1.217999999999999818e+04 4.897000000000000597e+01
1.219999999999999818e+04 4.875000000000000711e+01
1.221999999999999818e+04 4.853999999999999915e+01
1.223999999999999818e+04 4.846000000000000796e+01
1.225999999999999818e+04 4.817000000000001592e+01
1.227999999999999818e+04 4.771000000000001506e+01
1.229999999999999818e+04 4.792000000000000881e+01
1.231999999999999818e+04 4.750000000000000711e+01
1.233999999999999818e+04 4.729000000000000625e+01
1.235999999999999818e+04 4.719000000000001194e+01
1.237999999999999818e+04 4.703000000000000824e+01
1.239999999999999818e+04 4.653000000000000824e+01
1.241999999999999818e+04 4.642000000000000881e+01
1.243999999999999818e+04 4.619000000000000483e+01
1.245999999999999818e+04 4.635000000000000853e+01
1.247999999999999818e+04 4.633000000000000540e+01
1.249999999999999818e+04 4.624000000000000909e+01
1.251999999999999818e+04 4.571000000000001506e+01
1.253999999999999818e+04 4.574000000000000199e+01
1.255999999999999818e+04 4.551000000000001222e+01
1.257999999999999818e+04 4.533000000000000540e+01
1.259999999999999818e+04 4.530000000000001847e+01
1.261999999999999818e+04 4.497000000000000597e+01
1.263999999999999818e+04 4.478000000000001535e+01
1.265999999999999818e+04 4.467000000000000881e+01
1.267999999999999818e+04 4.417000000000000171e+01
1.269999999999999818e+04 4.453000000000000824e+01
1.271999999999999818e+04 4.452000000000001023e+01
1.273999999999999818e+04 4.431000000000000938e+01
1.275999999999999818e+04 4.451000000000001222e+01
1.277999999999999818e+04 4.440000000000000568e+01
1.279999999999999818e+04 4.356000000000000938e+01
1.281999999999999818e+04 4.014000000000000767e+01
1.283999999999999818e+04 4.259000000000000341e+01
1.285999999999999818e+04 4.328000000000000824e+01
1.287999999999999818e+04 4.314000000000001478e+01
1.289999999999999818e+04 4.255000000000000426e+01
1.291999999999999818e+04 4.254000000000000625e+01
1.293999999999999818e+04 4.223000000000001108e+01
1.295999999999999818e+04 4.224000000000000199e+01
1.297999999999999818e+04 4.184000000000000341e+01
1.299999999999999818e+04 4.186000000000000654e+01
1.301999999999999818e+04 4.139000000000000767e+01
1.303999999999999818e+04 4.111000000000000654e+01
1.305999999999999818e+04 4.136000000000000654e+01
1.307999999999999818e+04 4.123000000000000398e+01
1.309999999999999818e+04 4.106000000000000227e+01
1.311999999999999818e+04 4.033000000000000540e+01
1.313999999999999818e+04 4.022000000000000597e+01
1.315999999999999818e+04 3.979000000000001336e+01
1.317999999999999818e+04 4.017000000000001592e+01
1.319999999999999818e+04 4.016000000000001791e+01
1.321999999999999818e+04 3.986000000000001364e+01
1.323999999999999818e+04 3.981000000000000938e+01
1.325999999999999818e+04 3.949000000000000199e+01
1.327999999999999818e+04 3.908000000000001251e+01
1.329999999999999818e+04 3.878000000000000824e+01
1.331999999999999818e+04 3.863000000000000966e+01
1.333999999999999818e+04 3.892000000000000881e+01
1.335999999999999818e+04 3.866000000000001080e+01
1.337999999999999818e+04 3.832000000000000739e+01
1.339999999999999818e+04 3.789999999999999858e+01
1.341999999999999818e+04 3.805000000000000426e+01
1.343999999999999818e+04 3.798000000000001108e+01
1.345999999999999818e+04 3.772000000000000597e+01
1.347999999999999818e+04 3.766000000000001791e+01
1.349999999999999818e+04 3.724000000000000199e+01
1.351999999999999818e+04 3.742000000000000881e+01
1.353999999999999818e+04 3.722000000000000597e+01
1.355999999999999818e+04 3.675000000000000711e+01
1.357999999999999818e+04 3.688000000000000966e+01
1.359999999999999818e+04 3.673000000000001108e+01
1.361999999999999818e+04 3.677000000000000313e+01
1.363999999999999818e+04 3.657000000000000739e+01
1.365999999999999818e+04 3.657000000000000739e+01
1.367999999999999818e+04 3.628000000000000824e+01
1.369999999999999818e+04 3.599000000000000199e+01
1.371999999999999818e+04 3.621000000000001506e+01
1.373999999999999818e+04 3.610999999999999943e+01
1.375999999999999636e+04 3.561000000000000654e+01
1.377999999999999636e+04 3.580000000000001137e+01
1.379999999999999636e+04 3.579000000000000625e+01
1.381999999999999636e+04 3.544999999999999574e+01
1.383999999999999636e+04 3.547000000000000597e+01
1.385999999999999636e+04 3.532000000000000739e+01
1.387999999999999636e+04 3.530000000000000426e+01
1.389999999999999636e+04 3.506000000000000938e+01
1.391999999999999636e+04 3.513000000000000966e+01
1.393999999999999636e+04 3.488000000000000256e+01
1.395999999999999636e+04 3.487000000000000455e+01
1.397999999999999636e+04 3.492000000000000171e+01
1.399999999999999636e+04 3.427000000000000313e+01
1.401999999999999636e+04 3.439000000000000057e+01
1.403999999999999636e+04 3.428000000000000824e+01
1.405999999999999636e+04 3.431000000000000938e+01
1.407999999999999636e+04 3.426999999999999602e+01
1.409999999999999636e+04 3.418000000000001393e+01
1.411999999999999636e+04 3.347999999999999687e+01
1.413999999999999636e+04 3.377000000000000313e+01
1.415999999999999636e+04 3.385000000000000853e+01
1.417999999999999636e+04 3.386000000000000654e+01
1.419999999999999636e+04 3.357000000000000739e+01
1.421999999999999636e+04 3.315000000000000568e+01
1.423999999999999636e+04 3.311000000000000654e+01
1.425999999999999636e+04 3.281000000000000938e+01
1.427999999999999636e+04 3.285000000000000853e+01
1.429999999999999636e+04 3.257000000000000739e+01
1.431999999999999636e+04 3.300000000000000711e+01
1.433999999999999636e+04 3.284000000000000341e+01
1.435999999999999636e+04 3.285000000000000142e+01
1.437999999999999636e+04 3.283000000000000540e+01
1.439999999999999636e+04 3.188000000000001322e+01
1.441999999999999636e+04 3.186000000000001009e+01
1.443999999999999636e+04 3.197000000000000597e+01
1.445999999999999636e+04 3.216000000000000369e+01
1.447999999999999636e+04 3.216000000000001080e+01
1.449999999999999636e+04 3.187000000000000455e+01
1.451999999999999636e+04 3.154000000000000270e+01
1.453999999999999636e+04 3.143000000000001393e+01
1.455999999999999636e+04 3.131000000000000938e+01
1.457999999999999636e+04 3.167000000000000526e+01
1.459999999999999636e+04 3.156000000000000938e+01
1.461999999999999636e+04 3.121000000000001506e+01
1.463999999999999636e+04 3.105000000000000426e+01
1.465999999999999636e+04 3.108000000000000540e+01
1.467999999999999636e+04 3.114000000000000412e+01
1.469999999999999636e+04 3.102000000000000313e+01
1.471999999999999636e+04 3.073000000000000753e+01
1.473999999999999636e+04 3.034000000000000341e+01
1.475999999999999636e+04 3.048000000000000753e+01
1.477999999999999636e+04 3.044000000000000483e+01
1.479999999999999636e+04 3.068000000000000682e+01
1.481999999999999636e+04 3.044000000000000838e+01
1.483999999999999636e+04 3.039000000000000412e+01
1.485999999999999636e+04 3.033000000000000540e+01
1.487999999999999636e+04 2.855000000000000426e+01
1.489999999999999636e+04 3.014999999999999858e+01
1.491999999999999636e+04 3.018000000000000682e+01
1.493999999999999636e+04 3.033000000000000540e+01
1.495999999999999636e+04 2.972000000000000597e+01
1.497999999999999636e+04 2.994000000000000483e+01
1.499999999999999636e+04 3.011000000000000654e+01
1.501999999999999818e+04 2.924000000000000199e+01
1.503999999999999818e+04 2.799000000000000909e+01
1.505999999999999818e+04 2.848000000000000753e+01
1.507999999999999818e+04 2.919000000000000483e+01
1.509999999999999818e+04 2.947000000000000597e+01
1.511999999999999818e+04 2.913000000000001322e+01
1.513999999999999818e+04 2.883000000000000540e+01
1.515999999999999818e+04 2.882000000000001094e+01
1.517999999999999818e+04 2.884000000000000341e+01
1.519999999999999818e+04 2.866000000000000369e+01
1.521999999999999818e+04 2.824000000000000199e+01
1.523999999999999818e+04 2.835000000000000497e+01
1.525999999999999818e+04 2.846000000000001506e+01
1.527999999999999818e+04 2.846000000000000796e+01
1.529999999999999818e+04 2.765000000000000568e+01
1.531999999999999818e+04 2.823000000000001108e+01
1.533999999999999818e+04 2.784000000000000341e+01
1.535999999999999818e+04 2.806000000000000938e+01
1.537999999999999818e+04 2.773000000000000753e+01
1.539999999999999818e+04 2.730000000000000426e+01
1.541999999999999818e+04 2.753000000000000824e+01
1.543999999999999818e+04 2.778000000000000824e+01
1.545999999999999818e+04 2.771999999999999886e+01
1.547999999999999818e+04 2.711000000000001364e+01
1.549999999999999818e+04 2.713000000000000611e+01
1.551999999999999818e+04 2.731000000000000583e+01
1.553999999999999818e+04 2.676000000000000867e+01
1.555999999999999818e+04 2.671000000000000796e+01
1.557999999999999818e+04 2.689000000000000412e+01
1.559999999999999818e+04 2.683000000000000540e+01
1.561999999999999818e+04 2.696999999999999886e+01
1.563999999999999818e+04 2.669000000000000128e+01
1.565999999999999818e+04 2.653999999999999559e+01
1.567999999999999818e+04 2.633000000000000540e+01
1.569999999999999818e+04 2.645000000000000639e+01
1.571999999999999818e+04 2.673000000000000753e+01
1.574999999999999636e+04 2.610000000000000497e+01
1.575999999999999818e+04 2.536000000000000298e+01
1.577999999999999818e+04 2.547000000000000242e+01
1.579999999999999818e+04 2.650000000000000355e+01
1.581999999999999818e+04 2.590000000000000568e+01
1.583999999999999818e+04 2.591000000000000725e+01
1.585999999999999818e+04 2.599000000000000199e+01
1.587999999999999818e+04 2.490000000000000568e+01
1.589999999999999818e+04 2.405000000000000426e+01
1.591999999999999818e+04 2.526000000000000512e+01
1.593999999999999818e+04 2.583000000000000185e+01
1.595999999999999818e+04 2.506000000000000583e+01
1.597999999999999818e+04 2.545000000000000639e+01
1.599999999999999818e+04 2.512000000000000455e+01
1.601999999999999818e+04 2.489000000000000412e+01
1.603999999999999818e+04 2.496999999999999886e+01
1.605999999999999818e+04 2.477000000000000313e+01
1.607999999999999818e+04 2.491000000000000369e+01
1.609999999999999818e+04 2.400000000000000355e+01
1.611999999999999818e+04 2.430000000000000426e+01
1.613999999999999818e+04 2.449000000000000199e+01
1.615999999999999818e+04 2.374000000000000554e+01
1.617999999999999818e+04 2.423000000000000398e+01
1.619999999999999818e+04 2.369000000000000483e+01
1.621999999999999818e+04 2.383000000000000540e+01
1.623999999999999818e+04 2.416000000000000725e+01
1.625999999999999636e+04 2.402000000000000668e+01
1.627999999999999636e+04 2.418000000000000327e+01
1.629999999999999636e+04 2.393000000000000327e+01
1.631999999999999636e+04 2.387000000000000810e+01
1.633999999999999636e+04 2.359000000000000341e+01
1.635999999999999636e+04 2.357000000000000384e+01
1.637999999999999636e+04 2.274000000000000554e+01
1.639999999999999636e+04 2.262000000000000455e+01
1.641999999999999636e+04 2.266000000000000369e+01
1.643999999999999636e+04 2.278000000000000824e+01
1.645999999999999636e+04 2.294000000000000483e+01
1.647999999999999636e+04 2.292000000000000171e+01
1.649999999999999636e+04 2.272000000000000242e+01
1.651999999999999636e+04 2.268000000000001037e+01
1.653999999999999636e+04 2.262000000000000099e+01
1.655999999999999636e+04 2.260000000000000497e+01
1.657999999999999636e+04 2.252000000000000313e+01
1.659999999999999636e+04 2.245000000000000284e+01
1.661999999999999636e+04 2.246000000000000441e+01
1.663999999999999636e+04 2.226999999999999957e+01
1.665999999999999636e+04 2.212000000000000455e+01
1.667999999999999636e+04 2.193000000000000327e+01
1.669999999999999636e+04 2.225000000000000355e+01
1.671999999999999636e+04 2.173000000000000398e+01
1.673999999999999636e+04 2.193000000000000327e+01
1.675999999999999636e+04 2.161000000000000298e+01
1.677999999999999636e+04 2.168000000000000327e+01
1.679999999999999636e+04 2.080000000000000426e+01
1.681999999999999636e+04 2.054000000000000270e+01
1.683999999999999636e+04 2.129000000000000270e+01
1.685999999999999636e+04 2.131000000000000227e+01
1.687999999999999636e+04 2.120000000000000284e+01
1.689999999999999636e+04 2.105000000000000071e+01
1.691999999999999636e+04 2.123000000000000398e+01
1.693999999999999636e+04 2.112000000000000099e+01
1.695999999999999636e+04 2.100000000000000355e+01
1.697999999999999636e+04 2.089000000000000412e+01
1.699999999999999636e+04 2.063000000000000611e+01
1.701999999999999636e+04 2.047000000000000242e+01
1.703999999999999636e+04 2.052000000000000313e+01
1.705999999999999636e+04 2.050000000000000355e+01
1.707999999999999636e+04 2.017000000000000171e+01
1.709999999999999636e+04 2.013000000000000611e+01
1.711999999999999636e+04 1.982000000000000384e+01
1.713999999999999636e+04 2.037000000000000099e+01
1.715999999999999636e+04 2.022000000000000242e+01
1.717999999999999636e+04 2.010000000000000497e+01
1.719999999999999636e+04 1.993000000000000327e+01
1.721999999999999636e+04 1.975000000000000355e+01
1.723999999999999636e+04 1.954000000000000270e+01
1.725999999999999636e+04 1.982000000000000384e+01
1.727999999999999636e+04 1.971000000000000441e+01
1.729999999999999636e+04 1.984000000000000341e+01
1.731999999999999636e+04 1.936000000000000298e+01
1.733999999999999636e+04 1.874000000000000554e+01
1.735999999999999636e+04 1.827000000000000313e+01
1.737999999999999636e+04 1.863000000000000611e+01
1.739999999999999636e+04 1.905000000000000426e+01
1.741999999999999636e+04 1.902000000000000313e+01
1.743999999999999636e+04 1.907000000000000384e+01
1.745999999999999636e+04 1.867000000000000171e+01
1.747999999999999636e+04 1.872000000000000242e+01
1.749999999999999636e+04 1.858000000000000540e+01
1.751999999999999636e+04 1.850000000000000355e+01
1.753999999999999636e+04 1.856000000000000227e+01
1.755999999999999636e+04 1.849000000000000554e+01
1.757999999999999636e+04 1.843000000000000327e+01
1.759999999999999636e+04 1.831000000000000227e+01
1.761999999999999636e+04 1.793000000000000327e+01
1.763999999999999636e+04 1.807000000000000384e+01
1.765999999999999636e+04 1.817000000000000171e+01
1.767999999999999636e+04 1.802000000000000313e+01
1.769999999999999636e+04 1.791000000000000369e+01
1.771999999999999636e+04 1.794000000000000483e+01
1.773999999999999636e+04 1.792000000000000171e+01
1.775999999999999636e+04 1.763000000000000256e+01
1.777999999999999636e+04 1.747000000000000242e+01
1.779999999999999636e+04 1.756000000000000227e+01
1.781999999999999636e+04 1.747000000000000242e+01
1.783999999999999636e+04 1.735000000000000142e+01
1.785999999999999636e+04 1.739000000000000412e+01
1.787999999999999636e+04 1.747000000000000242e+01
1.789999999999999636e+04 1.733000000000000540e+01
1.791999999999999636e+04 1.721000000000000085e+01
1.793999999999999636e+04 1.709000000000000341e+01
1.795999999999999636e+04 1.706000000000000227e+01
1.797999999999999636e+04 1.703000000000000469e+01
1.799999999999999636e+04 1.699000000000000199e+01
1.801999999999999636e+04 1.672000000000000242e+01
1.803999999999999636e+04 1.688000000000000256e+01
1.805999999999999636e+04 1.688000000000000256e+01
1.807999999999999636e+04 1.685000000000000142e+01
1.809999999999999636e+04 1.686000000000000298e+01
1.811999999999999636e+04 1.675000000000000355e+01
1.813999999999999636e+04 1.658000000000000540e+01
1.815999999999999636e+04 1.605000000000000426e+01
1.817999999999999636e+04 1.520000000000000284e+01
1.819999999999999636e+04 1.596000000000000263e+01
1.821999999999999636e+04 1.598000000000000753e+01
1.823999999999999636e+04 1.624000000000000199e+01
1.825999999999999636e+04 1.628000000000000469e+01
1.827999999999999636e+04 1.611000000000000298e+01
1.829999999999999636e+04 1.606000000000000227e+01
1.831999999999999636e+04 1.593000000000000149e+01
1.833999999999999636e+04 1.585000000000000320e+01
1.835999999999999636e+04 1.581000000000000227e+01
1.837999999999999636e+04 1.562000000000000277e+01
1.839999999999999636e+04 1.561999999999999922e+01
1.841999999999999636e+04 1.540000000000000213e+01
1.843999999999999636e+04 1.541000000000000192e+01
1.845999999999999636e+04 1.535000000000000320e+01
1.847999999999999636e+04 1.510000000000000320e+01
1.849999999999999636e+04 1.546000000000000263e+01
1.851999999999999636e+04 1.533999999999999986e+01
1.853999999999999636e+04 1.525000000000000355e+01
1.855999999999999636e+04 1.509000000000000341e+01
1.857999999999999636e+04 1.525000000000000355e+01
1.859999999999999636e+04 1.503000000000000647e+01
1.861999999999999636e+04 1.504000000000000270e+01
1.863999999999999636e+04 1.509000000000000696e+01
1.865999999999999636e+04 1.494000000000000661e+01
1.867999999999999636e+04 1.492000000000000171e+01
1.869999999999999636e+04 1.508000000000000362e+01
1.871999999999999636e+04 1.473000000000000398e+01
1.873999999999999636e+04 1.401000000000000156e+01
1.875999999999999636e+04 1.299000000000000377e+01
1.877999999999999636e+04 1.441000000000000192e+01
1.879999999999999636e+04 1.461999999999999922e+01
1.881999999999999636e+04 1.474000000000000377e+01
1.883999999999999636e+04 1.464000000000000412e+01
1.885999999999999636e+04 1.439000000000000057e+01
1.887999999999999636e+04 1.453000000000000469e+01
1.889999999999999636e+04 1.424000000000000377e+01
1.891999999999999636e+04 1.408000000000000718e+01
1.893999999999999636e+04 1.396000000000000441e+01
1.895999999999999636e+04 1.373000000000000398e+01
1.897999999999999636e+04 1.390000000000000213e+01
1.899999999999999636e+04 1.396999999999999886e+01
1.901999999999999636e+04 1.408999999999999986e+01
1.903999999999999636e+04 1.386000000000000298e+01
1.905999999999999636e+04 1.390000000000000213e+01
1.907999999999999636e+04 1.377000000000000135e+01
1.909999999999999636e+04 1.378000000000000469e+01
1.911999999999999636e+04 1.354000000000000092e+01
1.913999999999999636e+04 1.370000000000000284e+01
1.915999999999999636e+04 1.360000000000000320e+01
1.917999999999999636e+04 1.353000000000000291e+01
1.919999999999999636e+04 1.333000000000000007e+01
1.921999999999999636e+04 1.350000000000000178e+01
1.923999999999999636e+04 1.341000000000000192e+01
1.925999999999999636e+04 1.344000000000000306e+01
1.927999999999999636e+04 1.322000000000000064e+01
1.929999999999999636e+04 1.313000000000000433e+01
1.931999999999999636e+04 1.308000000000000362e+01
1.933999999999999636e+04 1.320000000000000284e+01
1.935999999999999636e+04 1.328000000000000291e+01
1.937999999999999636e+04 1.321000000000000263e+01
1.939999999999999636e+04 1.299000000000000377e+01
1.941999999999999636e+04 1.293999999999999950e+01
1.943999999999999636e+04 1.203000000000000114e+01
1.945999999999999636e+04 1.192000000000000348e+01
1.947999999999999636e+04 1.271000000000000263e+01
1.949999999999999636e+04 1.261000000000000298e+01
1.951999999999999636e+04 1.255000000000000249e+01
1.953999999999999636e+04 1.286000000000000121e+01
1.955999999999999636e+04 1.276000000000000156e+01
1.957999999999999636e+04 1.271000000000000085e+01
1.959999999999999636e+04 1.261000000000000121e+01
1.961999999999999636e+04 1.240000000000000213e+01
1.963999999999999636e+04 1.222000000000000242e+01
1.965999999999999636e+04 1.231000000000000227e+01
1.967999999999999636e+04 1.240000000000000213e+01
1.969999999999999636e+04 1.239000000000000234e+01
1.971999999999999636e+04 1.213000000000000078e+01
1.973999999999999636e+04 1.208000000000000007e+01
1.975999999999999636e+04 1.224000000000000199e+01
1.977999999999999636e+04 1.194000000000000306e+01
1.979999999999999636e+04 1.196000000000000263e+01
1.981999999999999636e+04 1.205000000000000249e+01
1.983999999999999636e+04 1.197000000000000419e+01
1.985999999999999636e+04 1.178000000000000291e+01
1.987999999999999636e+04 1.195000000000000462e+01
1.989999999999999636e+04 1.198000000000000220e+01
1.991999999999999636e+04 1.180000000000000249e+01
1.993999999999999636e+04 1.162000000000000277e+01
1.995999999999999636e+04 1.173000000000000220e+01
1.997999999999999636e+04 1.159000000000000341e+01
1.999999999999999636e+04 1.170000000000000284e+01
2.001999999999999272e+04 1.161000000000000121e+01
2.003999999999999636e+04 1.148000000000000220e+01
2.005999999999999272e+04 1.147000000000000064e+01
2.007999999999999636e+04 1.154000000000000448e+01
2.009999999999999272e+04 1.149000000000000199e+01
2.011999999999999636e+04 1.145000000000000284e+01
2.013999999999999272e+04 1.138000000000000433e+01
2.015999999999999636e+04 1.137000000000000455e+01
2.017999999999999272e+04 1.134000000000000341e+01
2.019999999999999636e+04 1.116000000000000192e+01
2.021999999999999272e+04 1.107000000000000206e+01
2.023999999999999636e+04 1.116000000000000192e+01
2.025999999999999272e+04 1.115000000000000213e+01
2.027999999999999636e+04 1.107000000000000384e+01
2.029999999999999272e+04 1.086000000000000121e+01
2.031999999999999636e+04 1.098000000000000220e+01
2.033999999999999272e+04 1.091999999999999993e+01
2.035999999999999636e+04 1.083000000000000185e+01
2.037999999999999272e+04 1.064000000000000234e+01
2.039999999999999636e+04 1.078000000000000114e+01
2.041999999999999272e+04 1.076000000000000156e+01
2.043999999999999636e+04 1.076000000000000156e+01
2.045999999999999272e+04 1.071000000000000085e+01
2.047999999999999636e+04 1.063000000000000078e+01
2.049999999999999272e+04 1.059000000000000163e+01
2.051999999999999636e+04 1.047000000000000419e+01
2.053999999999999272e+04 1.046000000000000263e+01
2.055999999999999636e+04 1.046000000000000085e+01
2.057999999999999636e+04 1.040000000000000213e+01
2.059999999999999636e+04 1.028000000000000114e+01
2.061999999999999636e+04 1.023000000000000220e+01
2.063999999999999636e+04 1.005000000000000249e+01
2.065999999999999636e+04 1.025000000000000178e+01
2.067999999999999636e+04 1.019000000000000306e+01
2.069999999999999636e+04 1.003000000000000114e+01
2.071999999999999636e+04 1.004000000000000270e+01
2.073999999999999636e+04 1.009000000000000163e+01
2.075999999999999636e+04 1.006000000000000050e+01
2.077999999999999636e+04 1.000000000000000178e+01
2.079999999999999636e+04 9.878000000000001890e+00
2.081999999999999636e+04 9.864000000000004320e+00
2.083999999999999636e+04 9.772000000000000242e+00
2.085999999999999636e+04 9.852000000000002089e+00
2.087999999999999636e+04 9.835000000000000853e+00
2.089999999999999636e+04 9.788000000000002032e+00
2.091999999999999636e+04 9.567000000000003723e+00
2.093999999999999636e+04 9.593000000000001748e+00
2.095999999999999636e+04 9.580000000000001847e+00
2.097999999999999636e+04 9.620000000000002771e+00
2.099999999999999636e+04 9.606000000000001648e+00
2.101999999999999636e+04 9.577000000000001734e+00
2.103999999999999636e+04 9.559000000000002828e+00
2.105999999999999636e+04 9.573999999999999844e+00
2.107999999999999636e+04 9.513000000000003453e+00
2.109999999999999636e+04 9.396000000000002572e+00
2.111999999999999636e+04 9.452000000000001734e+00
2.113999999999999636e+04 9.436000000000001720e+00
2.115999999999999636e+04 9.330999999999999517e+00
2.117999999999999636e+04 9.310999999999999943e+00
2.119999999999999636e+04 9.275000000000002132e+00
2.121999999999999636e+04 9.275000000000002132e+00
2.123999999999999636e+04 9.189000000000001833e+00
2.125999999999999636e+04 9.208000000000001961e+00
2.127999999999999636e+04 9.225000000000001421e+00
2.129999999999999636e+04 9.209000000000001407e+00
2.131999999999999636e+04 9.209999999999999076e+00
2.133999999999999636e+04 9.155000000000001137e+00
2.135999999999999636e+04 9.012000000000002231e+00
2.137999999999999636e+04 9.110000000000001208e+00
2.139999999999999636e+04 9.083000000000000185e+00
2.141999999999999636e+04 9.064000000000001833e+00
2.143999999999999636e+04 9.006000000000000227e+00
2.145999999999999636e+04 8.939000000000001833e+00
2.147999999999999636e+04 8.979000000000000981e+00
2.149999999999999636e+04 8.957000000000000739e+00
2.151999999999999636e+04 8.913000000000000256e+00
2.153999999999999636e+04 8.878000000000001890e+00
2.155999999999999636e+04 8.874000000000000554e+00
2.157999999999999636e+04 8.842000000000002302e+00
2.159999999999999636e+04 8.781000000000002359e+00
2.161999999999999636e+04 8.685999999999999943e+00
2.163999999999999636e+04 8.456000000000001293e+00
2.165999999999999636e+04 7.849000000000001087e+00
2.167999999999999636e+04 8.300000000000000711e+00
2.169999999999999636e+04 8.557000000000000384e+00
2.171999999999999636e+04 8.591000000000001080e+00
2.173999999999999636e+04 8.592000000000002302e+00
2.175999999999999636e+04 8.532000000000000028e+00
2.177999999999999636e+04 8.425000000000000711e+00
2.179999999999999636e+04 8.497000000000001663e+00
2.181999999999999636e+04 8.425000000000000711e+00
2.183999999999999636e+04 8.457000000000000739e+00
2.185999999999999636e+04 8.465000000000001634e+00
2.187999999999999636e+04 8.277000000000001023e+00
2.189999999999999636e+04 8.304000000000003823e+00
2.191999999999999636e+04 8.377000000000000668e+00
2.193999999999999636e+04 8.349000000000000199e+00
2.195999999999999636e+04 8.318000000000001393e+00
2.197999999999999636e+04 8.299000000000003041e+00
2.199999999999999636e+04 8.265000000000004121e+00
2.201999999999999636e+04 8.230000000000000426e+00
2.203999999999999636e+04 8.211000000000002075e+00
2.205999999999999636e+04 7.966000000000001080e+00
2.207999999999999636e+04 7.966000000000001080e+00
2.209999999999999636e+04 8.080000000000001847e+00
2.211999999999999636e+04 8.105000000000000426e+00
2.213999999999999636e+04 8.072000000000002728e+00
2.215999999999999636e+04 7.994000000000001549e+00
2.217999999999999636e+04 7.970000000000001528e+00
2.219999999999999636e+04 7.997000000000001663e+00
2.221999999999999636e+04 7.962000000000002409e+00
2.223999999999999636e+04 7.926000000000001933e+00
2.225999999999999636e+04 7.811000000000001720e+00
2.227999999999999636e+04 7.826000000000002288e+00
2.229999999999999636e+04 7.831000000000000405e+00
2.231999999999999636e+04 7.815000000000002167e+00
2.233999999999999636e+04 7.802000000000001378e+00
2.235999999999999636e+04 7.758000000000000895e+00
2.237999999999999636e+04 7.648000000000000576e+00
2.239999999999999636e+04 7.639000000000001123e+00
2.241999999999999636e+04 7.642000000000001236e+00
2.243999999999999636e+04 7.624000000000000554e+00
2.245999999999999636e+04 7.612000000000001876e+00
2.247999999999999636e+04 7.520000000000001350e+00
2.249999999999999636e+04 7.541000000000001258e+00
2.251999999999999272e+04 7.512000000000002231e+00
2.253999999999999636e+04 7.402000000000001023e+00
2.255999999999999272e+04 7.422000000000001485e+00
2.257999999999999636e+04 7.441000000000000725e+00
2.259999999999999272e+04 7.421000000000001151e+00
2.261999999999999636e+04 7.299000000000001265e+00
2.263999999999999272e+04 7.329000000000000625e+00
2.265999999999999636e+04 7.315000000000002167e+00
2.267999999999999272e+04 7.327000000000000846e+00
2.269999999999999636e+04 7.297000000000001485e+00
2.271999999999999272e+04 7.277000000000001023e+00
2.273999999999999636e+04 7.252000000000000668e+00
2.275999999999999272e+04 7.239000000000001656e+00
2.277999999999999636e+04 7.242000000000001769e+00
2.279999999999999272e+04 7.165000000000003588e+00
2.281999999999999636e+04 7.007000000000000561e+00
2.283999999999999272e+04 7.125000000000001776e+00
2.285999999999999636e+04 7.124000000000000554e+00
2.287999999999999272e+04 7.126999999999999780e+00
2.289999999999999636e+04 7.109999999999999432e+00
2.291999999999999272e+04 7.067000000000001947e+00
2.293999999999999636e+04 6.920000000000001705e+00
2.295999999999999272e+04 6.908000000000001251e+00
2.297999999999999636e+04 6.919000000000001371e+00
2.299999999999999272e+04 6.953000000000001180e+00
2.301999999999999636e+04 6.955000000000000959e+00
2.303999999999999272e+04 6.931000000000001826e+00
2.305999999999999636e+04 6.923000000000001819e+00
2.307999999999999272e+04 6.901000000000001577e+00
2.309999999999999636e+04 6.870000000000002771e+00
2.311999999999999272e+04 6.867000000000001769e+00
2.313999999999999636e+04 6.826000000000001400e+00
2.315999999999999272e+04 6.779000000000001691e+00
2.317999999999999636e+04 6.745000000000001883e+00
2.319999999999999272e+04 6.768000000000000682e+00
2.321999999999999636e+04 6.675000000000001599e+00
2.323999999999999272e+04 6.536000000000001364e+00
2.325999999999999636e+04 6.559000000000001940e+00
2.327999999999999272e+04 6.629000000000002224e+00
2.329999999999999636e+04 6.616000000000000547e+00
2.331999999999999272e+04 6.584000000000001407e+00
2.333999999999999636e+04 6.571000000000000618e+00
2.335999999999999272e+04 6.536000000000001364e+00
2.337999999999999636e+04 6.496000000000000441e+00
2.339999999999999272e+04 6.520000000000000462e+00
2.341999999999999636e+04 6.539000000000001478e+00
2.343999999999999272e+04 6.509000000000001229e+00
2.345999999999999636e+04 6.486000000000001542e+00
2.347999999999999272e+04 6.472000000000002196e+00
2.349999999999999636e+04 6.453000000000001180e+00
2.351999999999999272e+04 6.289000000000001478e+00
2.353999999999999636e+04 6.239000000000000767e+00
2.355999999999999272e+04 6.282000000000000917e+00
2.357999999999999636e+04 6.266000000000000902e+00
2.359999999999999272e+04 6.307999999999999829e+00
2.361999999999999636e+04 6.305000000000001492e+00
2.363999999999999272e+04 6.295000000000001705e+00
2.365999999999999636e+04 6.284000000000000696e+00
2.367999999999999272e+04 6.263000000000001677e+00
2.369999999999999636e+04 6.211000000000001187e+00
2.371999999999999636e+04 6.207000000000001627e+00
2.373999999999999636e+04 6.066000000000000725e+00
2.375999999999999636e+04 6.164000000000001478e+00
2.377999999999999636e+04 6.192000000000001059e+00
2.379999999999999636e+04 6.172000000000001485e+00
2.381999999999999636e+04 6.098000000000000753e+00
2.383999999999999636e+04 5.885000000000001563e+00
2.385999999999999636e+04 5.908000000000001251e+00
2.387999999999999636e+04 6.004000000000001336e+00
2.389999999999999636e+04 6.029000000000000803e+00
2.391999999999999636e+04 6.008000000000000007e+00
2.393999999999999636e+04 6.003000000000001002e+00
2.395999999999999636e+04 5.996000000000001329e+00
2.397999999999999636e+04 5.989000000000001656e+00
2.399999999999999636e+04 5.944000000000000838e+00
2.401999999999999636e+04 5.965000000000000746e+00
2.403999999999999636e+04 5.945000000000002061e+00
2.405999999999999636e+04 5.919000000000000483e+00
2.407999999999999636e+04 5.915000000000001812e+00
2.409999999999999636e+04 5.902000000000001023e+00
2.411999999999999636e+04 5.894000000000001016e+00
2.413999999999999636e+04 5.734000000000000874e+00
2.415999999999999636e+04 5.599000000000001087e+00
2.417999999999999636e+04 5.748000000000001108e+00
2.419999999999999636e+04 5.770000000000000462e+00
2.421999999999999636e+04 5.767000000000002125e+00
2.423999999999999636e+04 5.726000000000000867e+00
2.425999999999999636e+04 5.717000000000001414e+00
2.427999999999999636e+04 5.712000000000000632e+00
2.429999999999999636e+04 5.712000000000001521e+00
2.431999999999999636e+04 5.702000000000001734e+00
2.433999999999999636e+04 5.641000000000000902e+00
2.435999999999999636e+04 5.618000000000001215e+00
2.437999999999999636e+04 5.599000000000001087e+00
2.439999999999999636e+04 5.639000000000001123e+00
2.441999999999999636e+04 5.617000000000001769e+00
2.443999999999999636e+04 5.603000000000001535e+00
2.445999999999999636e+04 5.498000000000000220e+00
2.447999999999999636e+04 5.456999999999999851e+00
2.449999999999999636e+04 5.462000000000000632e+00
2.451999999999999636e+04 5.432000000000001272e+00
2.453999999999999636e+04 5.455000000000000959e+00
2.455999999999999636e+04 5.370000000000000995e+00
2.457999999999999636e+04 5.392000000000001236e+00
2.459999999999999636e+04 5.457000000000001627e+00
2.461999999999999636e+04 5.442000000000001059e+00
2.463999999999999636e+04 5.435000000000001386e+00
2.465999999999999636e+04 5.405000000000000249e+00
2.467999999999999636e+04 5.389999999999999680e+00
2.469999999999999636e+04 5.285000000000001030e+00
2.471999999999999636e+04 5.330000000000000959e+00
2.473999999999999636e+04 5.313000000000001499e+00
2.475999999999999636e+04 5.343000000000000860e+00
2.477999999999999636e+04 5.303000000000000824e+00
2.479999999999999636e+04 5.177000000000001378e+00
2.481999999999999636e+04 5.140000000000000568e+00
2.483999999999999636e+04 5.219000000000000306e+00
2.485999999999999636e+04 5.160000000000001030e+00
2.487999999999999636e+04 5.169000000000000483e+00
2.489999999999999636e+04 5.225000000000001421e+00
2.491999999999999636e+04 5.197999999999999510e+00
2.493999999999999636e+04 5.175000000000000711e+00
2.495999999999999636e+04 5.152000000000001023e+00
2.497999999999999636e+04 5.154000000000000803e+00
2.499999999999999636e+04 5.155000000000000249e+00
2.519999999999999636e+04 4.984000000000000874e+00
2.539999999999999636e+04 4.814000000000001833e+00
2.559999999999999636e+04 4.671999999999999709e+00
2.579999999999999636e+04 4.550000000000000711e+00
2.599999999999999636e+04 4.457000000000000739e+00
2.619999999999999636e+04 4.305000000000001492e+00
2.639999999999999636e+04 4.211000000000000298e+00
2.659999999999999636e+04 4.079000000000000625e+00
2.679999999999999636e+04 3.968000000000000860e+00
2.699999999999999636e+04 3.867000000000000881e+00
2.719999999999999636e+04 3.763000000000000789e+00
2.739999999999999636e+04 3.663000000000000256e+00
2.759999999999999272e+04 3.546000000000001595e+00
2.779999999999999272e+04 3.467999999999999972e+00
2.799999999999999272e+04 3.385000000000000675e+00
2.819999999999999272e+04 3.297000000000000597e+00
2.839999999999999272e+04 3.209000000000000963e+00
2.859999999999999272e+04 3.119000000000000661e+00
2.879999999999999272e+04 3.032000000000000473e+00
2.899999999999999272e+04 2.969000000000000750e+00
2.919999999999999272e+04 2.890000000000000568e+00
2.939999999999999272e+04 2.817000000000000615e+00
2.959999999999999272e+04 2.750000000000000888e+00
2.979999999999999272e+04 2.682000000000000384e+00
2.999999999999999272e+04 2.612000000000000544e+00
3.019999999999999636e+04 2.547000000000000153e+00
3.039999999999999636e+04 2.465000000000000302e+00
3.059999999999999636e+04 2.422000000000000153e+00
3.079999999999999636e+04 2.364000000000000323e+00
3.099999999999999636e+04 2.306000000000000050e+00
3.119999999999999636e+04 2.246000000000000441e+00
3.139999999999999636e+04 2.198000000000000842e+00
3.159999999999999636e+04 2.144000000000000572e+00
3.179999999999999636e+04 2.096000000000000529e+00
3.199999999999999636e+04 2.048000000000000487e+00
3.219999999999999636e+04 2.000000000000000444e+00
3.239999999999999636e+04 1.951000000000000512e+00
3.259999999999999272e+04 1.907000000000000473e+00
3.279999999999999272e+04 1.858000000000000096e+00
3.299999999999999272e+04 1.802000000000000268e+00
3.319999999999999272e+04 1.768000000000000238e+00
3.339999999999999272e+04 1.737000000000000544e+00
3.359999999999999272e+04 1.697000000000000286e+00
3.379999999999999272e+04 1.659000000000000252e+00
3.399999999999999272e+04 1.615000000000000213e+00
3.419999999999999272e+04 1.584000000000000075e+00
3.439999999999999272e+04 1.554000000000000270e+00
3.459999999999999272e+04 1.520000000000000240e+00
3.479999999999999272e+04 1.486000000000000210e+00
3.499999999999999272e+04 1.456000000000000405e+00
3.519999999999999272e+04 1.425000000000000266e+00
3.539999999999999272e+04 1.393000000000000460e+00
3.559999999999999272e+04 1.362000000000000099e+00
3.579999999999999272e+04 1.334000000000000297e+00
3.599999999999999272e+04 1.307000000000000162e+00
3.619999999999999272e+04 1.281000000000000361e+00
3.639999999999999272e+04 1.251000000000000112e+00
3.659999999999999272e+04 1.221999999999999975e+00
3.679999999999999272e+04 1.193000000000000504e+00
3.699999999999999272e+04 1.162000000000000144e+00
3.719999999999999272e+04 1.145000000000000240e+00
3.739999999999999272e+04 1.108000000000000096e+00
3.759999999999999272e+04 1.096000000000000307e+00
3.779999999999999272e+04 1.078000000000000069e+00
3.799999999999999272e+04 1.057000000000000162e+00
3.819999999999999272e+04 1.038000000000000256e+00
3.839999999999999272e+04 1.019000000000000128e+00
3.859999999999999272e+04 9.983000000000000762e-01
3.879999999999999272e+04 9.782000000000004025e-01
3.899999999999999272e+04 9.598999999999999755e-01
3.919999999999999272e+04 9.427000000000000934e-01
3.939999999999999272e+04 9.233000000000002316e-01
3.959999999999999272e+04 9.032000000000002249e-01
3.979999999999999272e+04 8.857000000000001538e-01
3.999999999999999272e+04 8.669000000000002260e-01
4.019999999999998545e+04 8.557000000000003492e-01
4.039999999999999272e+04 8.385000000000001341e-01
4.059999999999998545e+04 8.217000000000002080e-01
4.079999999999999272e+04 8.054000000000002268e-01
4.099999999999998545e+04 7.894000000000001016e-01
4.119999999999999272e+04 7.739000000000001434e-01
4.139999999999999272e+04 7.587000000000001521e-01
4.159999999999999272e+04 7.439000000000001167e-01
4.179999999999999272e+04 7.294000000000000483e-01
4.199999999999999272e+04 7.153000000000000469e-01
4.219999999999999272e+04 7.015000000000001235e-01
4.239999999999999272e+04 6.881000000000001560e-01
4.259999999999999272e+04 6.749000000000000554e-01
4.279999999999999272e+04 6.621000000000002439e-01
4.299999999999999272e+04 6.496000000000001773e-01
4.319999999999999272e+04 6.374000000000000776e-01
4.339999999999999272e+04 6.254000000000000670e-01
4.359999999999999272e+04 6.138000000000001233e-01
4.379999999999999272e+04 6.024000000000000465e-01
4.399999999999999272e+04 5.913000000000001588e-01
4.419999999999999272e+04 5.804000000000000270e-01
4.439999999999999272e+04 5.698000000000003062e-01
4.459999999999999272e+04 5.594000000000001194e-01
4.479999999999999272e+04 5.492000000000001325e-01
4.499999999999999272e+04 5.393000000000001126e-01
4.519999999999998545e+04 5.296000000000000707e-01
4.539999999999999272e+04 5.201000000000001178e-01
4.559999999999998545e+04 5.108000000000000318e-01
4.579999999999999272e+04 5.018000000000000238e-01
4.599999999999998545e+04 4.929000000000001158e-01
4.619999999999999272e+04 4.842000000000000748e-01
4.639999999999998545e+04 4.757000000000000672e-01
4.659999999999999272e+04 4.674000000000001487e-01
4.679999999999998545e+04 4.593000000000000971e-01
4.699999999999999272e+04 4.514000000000001345e-01
4.719999999999998545e+04 4.436000000000001053e-01
4.739999999999999272e+04 4.360000000000001097e-01
4.759999999999999272e+04 4.285000000000001030e-01
4.779999999999999272e+04 4.212000000000000743e-01
4.799999999999999272e+04 4.140999999999999681e-01
4.819999999999999272e+04 4.071000000000000729e-01
4.839999999999999272e+04 4.003000000000001002e-01
4.859999999999999272e+04 3.936000000000000609e-01
4.879999999999999272e+04 3.870000000000001217e-01
4.899999999999999272e+04 3.806000000000001049e-01
4.919999999999999272e+04 3.743000000000001326e-01
4.939999999999999272e+04 3.681000000000000938e-01
4.959999999999999272e+04 3.621000000000001440e-01
4.979999999999999272e+04 3.562000000000000721e-01
4.999999999999999272e+04 3.504000000000000448e-01
5.049999999999998545e+04 3.394000000000000905e-01
5.099999999999998545e+04 3.267000000000000459e-01
5.149999999999999272e+04 3.146000000000000463e-01
5.199999999999999272e+04 3.030000000000000471e-01
5.249999999999999272e+04 2.920000000000000373e-01
5.299999999999998545e+04 2.815000000000000280e-01
5.349999999999998545e+04 2.715000000000000191e-01
5.399999999999999272e+04 2.619000000000000772e-01
5.449999999999999272e+04 2.527000000000000357e-01
5.499999999999999272e+04 2.439000000000000612e-01
5.549999999999998545e+04 2.355000000000000426e-01
5.599999999999998545e+04 2.275000000000000355e-01
5.649999999999999272e+04 2.197999999999999954e-01
5.699999999999999272e+04 2.124000000000000610e-01
5.749999999999999272e+04 2.054000000000000548e-01
5.799999999999998545e+04 1.986000000000000265e-01
5.849999999999998545e+04 1.921000000000000485e-01
5.899999999999999272e+04 1.859000000000000374e-01
5.949999999999999272e+04 1.799000000000000321e-01
5.999999999999998545e+04 1.742000000000000215e-01
6.049999999999998545e+04 1.687000000000000444e-01
6.099999999999998545e+04 1.633999999999999897e-01
6.149999999999999272e+04 1.583000000000000240e-01
6.199999999999999272e+04 1.534000000000000363e-01
6.249999999999998545e+04 1.487000000000000266e-01
6.299999999999998545e+04 1.442000000000000226e-01
6.349999999999998545e+04 1.399000000000000243e-01
6.399999999999999272e+04 1.357000000000000151e-01
6.449999999999999272e+04 1.317000000000000115e-01
6.499999999999998545e+04 1.278000000000000247e-01
6.549999999999998545e+04 1.240000000000000269e-01
6.599999999999998545e+04 1.204000000000000348e-01
6.649999999999998545e+04 1.170000000000000207e-01
6.699999999999998545e+04 1.136000000000000065e-01
6.749999999999998545e+04 1.104000000000000259e-01
6.799999999999998545e+04 1.073000000000000204e-01
6.849999999999998545e+04 1.043000000000000177e-01
6.899999999999998545e+04 1.014000000000000179e-01
6.949999999999998545e+04 9.862000000000001321e-02
6.999999999999998545e+04 9.592000000000001914e-02
7.049999999999998545e+04 9.331000000000001793e-02
7.099999999999998545e+04 9.080000000000001958e-02
7.149999999999998545e+04 8.836000000000002186e-02
7.199999999999998545e+04 8.601000000000001700e-02
7.249999999999998545e+04 8.374000000000002275e-02
7.299999999999998545e+04 8.154000000000000137e-02
7.349999999999998545e+04 7.942000000000001836e-02
7.399999999999998545e+04 7.736000000000002597e-02
7.449999999999998545e+04 7.537000000000002031e-02
7.499999999999998545e+04 7.344000000000003303e-02
7.549999999999998545e+04 7.158000000000001861e-02
7.599999999999998545e+04 6.977000000000001256e-02
7.649999999999998545e+04 6.802000000000001101e-02
7.699999999999998545e+04 6.633000000000001395e-02
7.749999999999998545e+04 6.469000000000001138e-02
7.799999999999998545e+04 6.310000000000001719e-02
7.849999999999998545e+04 6.156000000000001748e-02
7.899999999999998545e+04 6.006000000000002309e-02
7.949999999999998545e+04 5.862000000000001931e-02
7.999999999999998545e+04 5.721000000000001778e-02
8.049999999999998545e+04 5.585000000000001075e-02
8.099999999999998545e+04 5.453000000000002290e-02
8.149999999999998545e+04 5.324000000000001648e-02
8.199999999999997090e+04 5.199999999999999761e-02
8.249999999999998545e+04 5.079000000000000875e-02
8.299999999999998545e+04 4.961000000000000826e-02
8.349999999999998545e+04 4.847000000000001307e-02
8.399999999999998545e+04 4.737000000000000932e-02
8.449999999999997090e+04 4.629000000000000475e-02
8.499999999999998545e+04 4.525000000000001243e-02
8.549999999999998545e+04 4.423000000000001236e-02
8.599999999999998545e+04 4.324000000000000760e-02
8.649999999999998545e+04 4.228000000000000508e-02
8.699999999999997090e+04 4.135000000000000481e-02
8.749999999999998545e+04 4.044000000000000372e-02
8.799999999999998545e+04 3.956000000000000488e-02
8.849999999999998545e+04 3.870000000000000523e-02
8.899999999999998545e+04 3.787000000000000782e-02
8.949999999999997090e+04 3.706000000000000266e-02
8.999999999999998545e+04 3.627000000000001056e-02
9.049999999999998545e+04 3.550000000000000377e-02
9.099999999999998545e+04 3.475000000000000311e-02
9.149999999999998545e+04 3.402000000000000857e-02
9.199999999999997090e+04 3.331000000000001321e-02
9.249999999999998545e+04 3.262000000000000316e-02
9.299999999999998545e+04 3.195000000000000617e-02
9.349999999999998545e+04 3.129000000000000531e-02
9.399999999999998545e+04 3.065000000000000710e-02
9.449999999999997090e+04 3.003000000000000808e-02
9.499999999999998545e+04 2.942000000000000864e-02
9.549999999999998545e+04 2.883000000000000146e-02
9.599999999999998545e+04 2.825000000000000427e-02
9.649999999999998545e+04 2.769000000000000974e-02
9.699999999999997090e+04 2.714000000000000440e-02
9.749999999999998545e+04 2.660999999999999824e-02
9.799999999999998545e+04 2.607999999999999555e-02
9.849999999999998545e+04 2.558000000000000898e-02
9.899999999999998545e+04 2.508000000000000854e-02
9.949999999999997090e+04 2.460000000000000381e-02
9.999999999999998545e+04 2.412000000000000255e-02
1.099999999999999854e+05 1.635000000000000689e-02
1.199999999999999709e+05 1.152000000000000246e-02
1.299999999999999709e+05 8.341000000000001191e-03
1.399999999999999709e+05 6.188000000000000791e-03
1.499999999999999709e+05 4.686000000000000061e-03
1.599999999999999709e+05 3.613000000000000760e-03
1.699999999999999709e+05 2.830000000000000484e-03
1.799999999999999709e+05 2.247000000000000299e-03
1.899999999999999709e+05 1.807000000000000229e-03
1.999999999999999709e+05 1.470000000000000169e-03
2.499999999999999418e+05 6.054000000000001871e-04
2.999999999999999418e+05 2.928000000000000698e-04
3.499999999999999418e+05 1.584000000000000284e-04
3.999999999999999418e+05 9.307000000000001524e-05
4.999999999999998836e+05 3.826000000000000299e-05
5.999999999999998836e+05 1.850000000000000245e-05
7.999999999999998836e+05 5.882000000000001451e-06
9.999999999999997672e+05 2.418000000000000397e-06
1.199999999999999767e+06 1.168999999999999946e-06
1.499999999999999767e+06 4.807000000000001156e-07
1.999999999999999534e+06 1.528000000000000183e-07
2.499999999999999534e+06 6.275000000000001595e-08
2.999999999999999534e+06 2.950000000000000277e-08
3.999999999999999069e+06 1.014000000000000179e-08
9.999999999999998137e+06 3.384000000000000412e-10
