319
75.72 3593.5684 1
166.66 3650.1530 1
174.24 3654.8360 0
187.63 3663.2046 1
650.03 3948.9790 0
808.38 4046.5630 0
859.58 4078.8202 1
990.83 4158.5900 0
1059.53 4200.6740 0
1286.84 4339.2230 0
1300.47 4347.4940 0
1318.21 4358.3280 0
1568.87 4510.7330 0
1588.44 4522.3230 0
1757.24 4625.4700 0
1835.21 4672.2000 0
2099.48 4829.7100 0
2243.96 4916.0680 1
2449.52 5037.7512 1
2661.50 5165.7760 0
2704.58 5187.7460 0
2762.75 5216.8140 0
2950.91 5330.7775 1
3176.26 5460.7350 0
3237.89 5495.8740 1
3348.33 5558.7020 0
3432.62 5606.7330 1
3510.62 5650.7040 0
3722.51 5769.5980 0
3760.66 5790.6630 0
3784.90 5804.4496 1
3871.55 5852.4879 1
3924.59 5881.8952 1
4038.63 5944.8340 0
4094.36 5975.1220 0
