319
41.65 3593.5684 1
132.47 3650.1530 0
140.04 3654.8360 0
153.42 3663.2046 1
615.15 3948.9790 0
773.28 4046.5630 1
824.40 4078.8202 0
955.48 4158.5900 1
1024.08 4200.6740 1
1251.06 4339.2230 0
1264.67 4347.4940 0
1282.39 4358.3280 0
1532.69 4510.7330 1
1552.24 4522.3230 0
2206.82 4916.0680 1
2623.77 5165.7760 0
2666.80 5187.7460 0
2724.88 5216.8140 0
3137.80 5460.7350 1
3199.34 5495.8740 0
3309.63 5558.7020 0
3393.80 5606.7330 0
3471.69 5650.7040 0
3683.58 5769.5980 1
3683.75 5764.4200 0
3721.37 5790.6630 0
3832.10 5852.4879 1
3885.08 5881.8952 1
3998.95 5944.8340 1
4054.60 5975.1220 0
