319
91.50 7488.8712 1
114.69 7503.8690 1
131.48 7514.6520 1
164.29 7535.7741 0
240.36 7584.6800 1
457.35 7724.6233 0
842.51 7967.3400 1
904.78 8006.1570 0
918.15 8014.7860 0
1111.61 8136.4054 1
1224.01 8206.3400 0
1264.56 8231.6350 0
1374.37 8300.3258 0
1479.65 8365.7466 1
1498.94 8377.6080 0
1574.89 8424.6400 1
1689.66 8495.3598 0
1769.74 8544.6958 1
1845.95 8591.2584 0
1916.91 8634.6470 0
2030.75 8704.1116 0
2088.82 8739.3900 0
2221.79 8819.4110 0
2370.14 8908.7300 1
2388.14 8919.5006 1
2407.19 8930.8300 1
2600.55 9045.4500 0
2775.87 9148.6716 1
2866.89 9201.7591 0
2994.25 9275.5196 1
3164.48 9373.3078 0
3256.16 9425.3788 1
3364.41 9486.6818 0
3472.66 9547.4049 1
3670.89 9657.7860 1
3720.75 9685.3200 1
3780.25 9718.1600 1
3901.22 9784.5030 1
3929.13 9799.7000 1
