319
372.10 7492.1020 0
446.04 7535.7741 1
458.96 7544.0443 0
1089.67 7943.1814 0
1399.12 8136.4054 0
1663.70 8300.3258 0
1788.99 8377.6080 0
1981.00 8495.3598 1
2105.98 8571.3524 1
2138.26 8591.2584 0
2209.73 8634.6470 0
2451.64 8780.6226 0
2574.09 8853.8668 0
2684.30 8919.5506 0
2801.01 8988.5564 0
3074.50 9148.6716 0
3166.19 9201.7591 0
3294.34 9275.5196 0
3338.61 9300.8527 0
3383.58 9326.5068 0
3465.79 9373.3078 0
3558.02 9425.3788 0
3618.23 9459.2095 0
3667.05 9486.6818 0
3752.20 9534.1629 0
3775.98 9547.4049 0
3989.38 9665.4197 1
