319
252.67 5764.4188 1
324.16 5804.4496 0
352.12 5820.1558 0
410.14 5852.4879 0
462.65 5881.8952 1
575.54 5944.8342 0
728.84 6029.9969 0
808.81 6074.3377 1
848.24 6096.1631 1
906.65 6128.4499 1
933.17 6143.0626 0
970.39 6163.5939 0
1067.77 6217.2812 1
1157.32 6266.4950 0
1227.10 6304.7889 1
1281.19 6334.4278 0
1370.04 6382.9917 0
1405.31 6402.2480 0
1596.77 6506.5281 0
1645.34 6532.8822 1
1767.38 6598.9529 1
1867.92 6652.0927 0
1914.56 6678.2762 0
1986.75 6717.0430 1
2386.18 6929.4673 1
2566.45 7024.0504 0
2582.30 7032.4131 0
2855.44 7173.9381 1
2994.46 7245.1666 0
3447.11 7472.4386 0
3478.76 7488.8712 1
3573.53 7535.7741 1
3590.27 7544.0443 1
