319
402.30 5852.4879 0
454.70 5881.8952 0
567.35 5944.8342 0
720.33 6029.9969 0
800.13 6074.3377 0
839.48 6096.1631 0
924.23 6143.0626 0
961.37 6163.5939 0
1058.55 6217.2812 0
1147.91 6266.4950 0
1217.54 6304.7889 0
1271.52 6334.4278 0
1360.18 6382.9917 1
1395.38 6402.2480 0
1422.83 6416.3070 1
1586.44 6506.5281 0
1634.91 6532.8822 0
1756.69 6598.9529 0
1903.56 6678.2762 0
1975.60 6717.0430 0
2044.86 6752.8340 1
2267.26 6871.2890 1
2374.19 6929.4673 0
2445.53 6965.4310 1
2554.09 7024.0504 0
2569.90 7032.4131 1
2640.29 7067.2180 1
2794.30 7147.0420 1
2842.47 7173.9381 0
2981.20 7245.1666 0
3039.98 7272.9360 1
3259.95 7383.9800 1
3464.48 7488.8712 0
3499.92 7503.8690 1
3521.67 7514.6520 1
3559.06 7535.7741 0
3575.76 7544.0443 0
3766.59 7635.1060 1
