319
402.06 7492.1020 0
475.81 7535.7741 1
488.70 7544.0443 0
1117.79 7943.1814 0
1426.44 8136.4054 0
1690.34 8300.3258 0
1815.31 8377.6080 0
2006.82 8495.3598 1
2131.48 8571.3524 1
2163.68 8591.2584 0
2234.96 8634.6470 0
2476.25 8780.6226 0
2598.39 8853.8668 0
2708.31 8919.5506 0
2824.72 8988.5564 0
3097.51 9148.6716 0
3188.96 9201.7591 0
3316.78 9275.5196 0
3360.94 9300.8527 0
3405.79 9326.5068 0
3487.79 9373.3078 0
3579.78 9425.3788 0
3639.84 9459.2095 0
3688.53 9486.6818 0
3773.46 9534.1629 0
3797.18 9547.4049 0
4010.03 9665.4197 1
