319
64.46 7472.4386 0
89.39 7492.1020 0
162.88 7535.7741 1
175.72 7544.0443 1
455.59 7724.6233 0
637.14 7839.0529 0
802.79 7943.1814 0
1110.47 8136.4054 0
1373.41 8300.3258 0
1498.01 8377.6080 1
1637.08 8463.3575 0
1688.91 8495.3598 1
1845.28 8591.2584 1
1916.30 8634.6470 1
2156.71 8780.6226 0
2241.37 8830.9072 0
2278.49 8853.8668 0
2388.02 8919.5506 0
2504.08 8988.5564 0
2775.96 9148.6716 1
2867.08 9201.7591 1
2994.51 9275.5196 1
3038.60 9300.8527 1
3083.20 9326.5068 1
3164.91 9373.3078 1
3256.63 9425.3788 1
3316.49 9459.2095 0
3364.99 9486.6818 1
3449.62 9534.1629 1
3473.34 9547.4049 1
3685.49 9665.4197 0
