319
245.16 5764.4188 1
316.50 5804.4496 0
344.40 5820.1558 0
402.30 5852.4879 0
454.70 5881.8952 1
567.35 5944.8342 0
720.33 6029.9969 0
800.13 6074.3377 1
839.48 6096.1631 1
897.76 6128.4499 1
924.23 6143.0626 0
961.37 6163.5939 0
1058.55 6217.2812 1
1147.91 6266.4950 0
1217.54 6304.7889 1
1271.52 6334.4278 0
1360.18 6382.9917 0
1395.38 6402.2480 0
1586.44 6506.5281 0
1634.91 6532.8822 1
1756.69 6598.9529 1
1857.02 6652.0927 0
1903.56 6678.2762 0
1975.60 6717.0430 1
2374.19 6929.4673 1
2554.09 7024.0504 0
2569.90 7032.4131 0
2842.47 7173.9381 1
2981.20 7245.1666 0
3432.90 7472.4386 0
3464.48 7488.8712 1
3559.06 7535.7741 1
3575.76 7544.0443 1
