319
45.66 7472.4386 0
70.65 7492.1020 0
144.31 7535.7741 1
157.19 7544.0443 1
437.76 7724.6233 0
619.75 7839.0529 0
785.82 7943.1814 0
1094.25 8136.4054 0
1357.85 8300.3258 0
1482.76 8377.6080 1
1622.17 8463.3575 0
1674.14 8495.3598 1
1830.89 8591.2584 1
1902.09 8634.6470 1
2143.09 8780.6226 0
2227.96 8830.9072 0
2265.18 8853.8668 0
2374.98 8919.5506 0
2491.32 8988.5564 0
2763.88 9148.6716 1
2855.23 9201.7591 1
2982.97 9275.5196 1
3027.17 9300.8527 1
3071.88 9326.5068 1
3153.79 9373.3078 1
3245.74 9425.3788 1
3305.74 9459.2095 0
3354.37 9486.6818 1
3439.21 9534.1629 1
3462.99 9547.4049 1
3675.66 9665.4197 0
