319
42.27 3600.1685 0
606.02 3907.9100 1
815.37 4057.4600 1
876.48 4098.8900 1
1003.61 4180.1000 1
1551.57 4521.8600 1
1579.00 4537.7545 0
1855.25 4704.3949 0
1900.28 4734.1520 1
1935.28 4752.7320 0
1998.61 4792.6190 1
2022.32 4807.0200 1
2060.49 4829.7100 1
2156.14 4884.9170 0
2206.76 4916.5100 1
2217.75 4923.1520 1
2358.38 5005.1587 0
2413.31 5037.7512 0
2595.21 5144.9384 0
2913.54 5330.7775 0
2931.34 5341.0938 0
3034.18 5400.5618 0
3318.44 5562.7662 0
3484.01 5656.6588 0
3645.52 5748.2985 0
3674.19 5764.4188 0
3745.80 5804.4496 0
3773.96 5820.1558 0
3792.06 5824.8000 1
3832.00 5852.4879 0
