319
236.77 5764.4188 1
308.28 5804.4496 0
336.25 5820.1558 0
394.30 5852.4879 0
446.83 5881.8952 1
559.76 5944.8342 0
713.12 6029.9969 0
793.12 6074.3377 1
832.56 6096.1631 1
890.99 6128.4499 1
917.52 6143.0626 0
954.76 6163.5939 0
1052.18 6217.2812 1
1141.76 6266.4950 0
1211.57 6304.7889 1
1265.68 6334.4278 0
1354.56 6382.9917 0
1389.84 6402.2480 0
1581.38 6506.5281 0
1629.97 6532.8822 1
1752.05 6598.9529 1
1852.63 6652.0927 0
1899.29 6678.2762 0
1971.51 6717.0430 1
2371.09 6929.4673 1
2551.43 7024.0504 0
2567.28 7032.4131 0
2840.53 7173.9381 1
2979.60 7245.1666 0
3432.42 7472.4386 0
3464.08 7488.8712 1
3558.89 7535.7741 1
3575.63 7544.0443 1
