319
236.80 5764.4188 1
308.32 5804.4496 0
336.30 5820.1558 0
394.36 5852.4879 0
446.89 5881.8952 1
559.84 5944.8342 0
713.22 6029.9969 0
793.23 6074.3377 0
832.68 6096.1631 1
891.11 6128.4499 0
917.65 6143.0626 0
954.89 6163.5939 0
1052.33 6217.2812 1
1141.92 6266.4950 0
1211.74 6304.7889 1
1265.86 6334.4278 0
1354.75 6382.9917 0
1390.03 6402.2480 0
1581.60 6506.5281 0
1630.20 6532.8822 1
1752.30 6598.9529 1
1852.89 6652.0927 0
1899.56 6678.2762 0
1971.79 6717.0430 1
2371.42 6929.4673 1
2551.79 7024.0504 0
2567.64 7032.4131 0
2840.93 7173.9381 1
2980.02 7245.1666 0
3432.90 7472.4386 0
3464.57 7488.8712 1
3559.39 7535.7741 1
3576.13 7544.0443 0
