319
88.57 7488.8712 1
111.79 7503.8690 1
128.59 7514.6520 1
161.43 7535.7741 0
237.58 7584.6800 1
454.78 7724.6233 0
840.33 7967.3400 1
902.66 8006.1570 0
916.05 8014.7860 0
1109.70 8136.4054 1
1222.22 8206.3400 0
1262.80 8231.6350 0
1372.72 8300.3258 0
1478.12 8365.7466 1
1497.42 8377.6080 0
1573.44 8424.6400 1
1688.33 8495.3598 0
1768.50 8544.6958 1
1844.78 8591.2584 0
1915.81 8634.6470 0
2029.76 8704.1116 0
2087.89 8739.3900 0
2220.99 8819.4110 0
2369.50 8908.7300 1
2387.51 8919.5006 1
2406.58 8930.8300 1
2600.14 9045.4500 0
2775.63 9148.6716 1
2866.74 9201.7591 0
2994.24 9275.5196 1
3164.63 9373.3078 0
3256.41 9425.3788 1
3364.76 9486.6818 0
3473.13 9547.4049 1
3671.55 9657.7860 1
3721.46 9685.3200 1
3781.02 9718.1600 1
3902.11 9784.5030 1
3930.05 9799.7000 1
