319
45.66 7472.4386 0
70.64 7492.1020 0
144.30 7535.7741 1
157.17 7544.0443 0
437.72 7724.6233 0
619.69 7839.0529 0
785.74 7943.1814 0
1094.14 8136.4054 0
1357.71 8300.3258 0
1482.61 8377.6080 1
1622.01 8463.3575 0
1673.97 8495.3598 1
1830.71 8591.2584 1
1901.90 8634.6470 1
2142.88 8780.6226 0
2227.74 8830.9072 0
2264.95 8853.8668 0
2374.74 8919.5506 0
2491.07 8988.5564 0
2763.60 9148.6716 1
2854.94 9201.7591 1
2982.67 9275.5196 1
3026.87 9300.8527 0
3071.57 9326.5068 0
3153.47 9373.3078 1
3245.42 9425.3788 1
3305.41 9459.2095 0
3354.03 9486.6818 1
3438.87 9534.1629 0
3462.64 9547.4049 1
3675.29 9665.4197 0
