319
245.21 5769.5980 1
282.83 5790.6630 1
558.97 5944.8342 1
792.58 6074.3377 0
832.02 6096.1631 0
1051.52 6217.2812 1
1141.04 6266.4950 1
1210.77 6304.7889 0
1264.82 6334.4278 0
1629.52 6532.8822 1
1751.64 6598.9529 1
1849.89 6652.0927 0
1898.01 6678.2762 0
1971.18 6717.0430 1
2038.02 6752.8340 1
2176.39 6827.3200 0
2260.04 6872.1100 0
2281.43 6882.1600 0
2369.49 6929.4673 0
2439.16 6965.4310 1
2634.07 7067.2180 1
2788.25 7147.0420 1
3034.29 7272.9360 1
3230.97 7372.1180 0
3254.51 7383.9800 0
3272.22 7393.7900 0
3431.47 7472.4386 0
3494.64 7503.8690 1
3516.40 7514.6520 1
3575.85 7544.0443 1
3657.57 7584.6800 0
3761.59 7635.1060 0
3945.88 7723.9410 1
