319
253.91 5769.5980 1
291.49 5790.6630 1
567.32 5944.8342 1
800.66 6074.3377 1
840.05 6096.1631 1
1059.31 6217.2812 0
1148.72 6266.4950 0
1218.37 6304.7889 0
1272.37 6334.4278 0
1636.65 6532.8822 1
1758.63 6598.9529 1
1904.83 6678.2762 0
1977.92 6717.0430 1
2044.68 6752.8340 1
2182.90 6827.3200 0
2266.45 6872.1100 0
2285.74 6882.1600 0
2287.81 6882.1600 0
2375.78 6929.4673 0
2445.37 6965.4310 1
2640.05 7067.2180 1
2794.06 7147.0420 1
3039.81 7272.9360 1
3236.27 7372.1180 0
3259.79 7383.9800 0
3277.47 7393.7900 0
3436.54 7472.4386 0
3499.64 7503.8690 1
3521.37 7514.6520 1
3580.76 7544.0443 1
3662.39 7584.6800 0
3766.29 7635.1060 1
