319
-6.54 7438.8981 0
70.73 7488.8712 1
94.01 7503.8690 1
110.86 7514.6520 1
143.78 7535.7741 0
220.11 7584.6800 1
437.85 7724.6233 0
824.35 7967.3400 1
886.84 8006.1570 0
900.26 8014.7860 0
1094.39 8136.4054 1
1358.06 8300.3258 1
1463.72 8365.7466 1
1483.06 8377.6080 1
1559.28 8424.6400 1
1674.45 8495.3598 0
1754.81 8544.6958 1
1831.27 8591.2584 0
1902.49 8634.6470 0
2016.72 8704.1116 0
2074.99 8739.3900 0
2357.29 8908.7300 1
2375.36 8919.5006 1
2394.46 8930.8300 1
2764.43 9148.6716 1
2855.77 9201.7591 0
2983.57 9275.5196 1
3154.39 9373.3078 0
3246.39 9425.3788 1
3355.02 9486.6818 0
3463.65 9547.4049 1
3662.56 9657.7860 1
3712.59 9685.3200 1
3772.30 9718.1600 1
3893.68 9784.5030 1
