319
262.01 5769.5980 1
299.60 5790.6630 1
575.54 5944.8342 1
808.96 6074.3377 1
848.37 6096.1631 1
1067.71 6217.2812 0
1157.16 6266.4950 0
1226.83 6304.7889 0
1280.85 6334.4278 0
1645.27 6532.8822 1
1767.30 6598.9529 1
1913.55 6678.2762 0
1986.67 6717.0430 0
2053.46 6752.8340 1
2191.73 6827.3200 0
2275.31 6872.1100 0
2294.61 6882.1600 0
2296.68 6882.1600 0
2384.68 6929.4673 0
2454.30 6965.4310 1
2649.05 7067.2180 1
2803.12 7147.0420 1
3048.97 7272.9360 1
3245.50 7372.1180 0
3269.03 7383.9800 0
3286.72 7393.7900 0
3445.85 7472.4386 0
3508.97 7503.8690 1
3530.71 7514.6520 1
3590.12 7544.0443 1
3671.78 7584.6800 0
3775.72 7635.1060 1
