319
390.19 7492.1020 0
463.97 7535.7741 1
476.86 7544.0443 0
1106.17 7943.1814 0
1414.92 8136.4054 0
1678.91 8300.3258 0
1803.92 8377.6080 0
1995.50 8495.3598 1
2120.20 8571.3524 1
2152.41 8591.2584 0
2223.72 8634.6470 0
2465.09 8780.6226 0
2587.27 8853.8668 0
2697.23 8919.5506 0
2813.68 8988.5564 0
3086.56 9148.6716 0
3178.04 9201.7591 0
3305.90 9275.5196 0
3350.08 9300.8527 0
3394.94 9326.5068 0
3476.97 9373.3078 0
3568.99 9425.3788 0
3629.07 9459.2095 0
3677.78 9486.6818 0
3762.74 9534.1629 0
3786.47 9547.4049 0
3999.39 9665.4197 1
