319
76.44 7472.4386 0
101.36 7492.1020 0
174.82 7535.7741 1
187.66 7544.0443 1
467.44 7724.6233 0
648.92 7839.0529 0
814.52 7943.1814 0
1122.09 8136.4054 0
1384.94 8300.3258 0
1509.50 8377.6080 1
1648.52 8463.3575 0
1700.34 8495.3598 1
1856.65 8591.2584 1
1927.65 8634.6470 1
2167.98 8780.6226 0
2252.61 8830.9072 0
2289.72 8853.8668 0
2399.21 8919.5506 0
2515.23 8988.5564 0
2787.02 9148.6716 1
2878.11 9201.7591 1
3005.49 9275.5196 1
3049.57 9300.8527 1
3094.15 9326.5068 1
3175.83 9373.3078 1
3267.52 9425.3788 1
3327.36 9459.2095 0
3375.85 9486.6818 1
3460.45 9534.1629 1
3484.16 9547.4049 1
3696.24 9665.4197 0
