319
39.27 3600.1685 0
612.61 3948.9790 1
954.36 4158.5900 1
1023.22 4200.6740 1
1119.10 4259.3620 0
1139.93 4272.1690 0
1533.90 4510.7330 1
1576.00 4537.7545 0
1852.25 4704.3949 0
1932.28 4752.7320 0
2153.14 4884.9170 0
2355.38 5005.1587 0
2410.31 5037.7512 0
2592.21 5144.9384 0
2629.38 5165.7760 1
2672.62 5187.7460 1
2730.91 5216.8140 1
2910.54 5330.7775 0
2928.34 5341.0938 0
3031.18 5400.5618 0
3207.29 5495.8740 1
3315.44 5562.7662 0
3318.05 5558.7020 1
3402.54 5606.7330 1
3480.75 5650.7040 1
3481.01 5656.6588 0
3642.52 5748.2985 0
3671.19 5764.4188 0
3742.80 5804.4496 0
3770.96 5820.1558 0
3829.00 5852.4879 0
3881.98 5881.8952 0
3907.18 5912.0850 0
