319
72.67 3593.5684 1
163.51 3650.1530 1
171.09 3654.8360 0
184.47 3663.2046 1
646.38 3948.9790 0
804.56 4046.5630 0
855.70 4078.8202 1
986.81 4158.5900 0
1055.44 4200.6740 0
1282.51 4339.2230 0
1296.12 4347.4940 0
1313.85 4358.3280 0
1564.24 4510.7330 0
1583.79 4522.3230 0
1752.40 4625.4700 0
1830.31 4672.2000 0
2094.29 4829.7100 0
2238.62 4916.0680 1
2443.97 5037.7512 1
2655.72 5165.7760 0
2698.75 5187.7460 0
2756.86 5216.8140 0
2944.83 5330.7775 1
3169.93 5460.7350 0
3231.50 5495.8740 1
3341.82 5558.7020 0
3426.02 5606.7330 1
3503.94 5650.7040 0
3715.61 5769.5980 0
3753.70 5790.6630 0
3777.92 5804.4496 1
3864.49 5852.4879 1
3917.48 5881.8952 1
4031.39 5944.8340 1
4087.05 5975.1220 0
